kro
1024
uniform_structure0-01
100
805 0.16000027080113668
1186 0.05000198547259648
1656 0.1500002911589125
1088 3.7002723184617614e-06
403 3.287111213501337e-07
878 1.954279752684751e-06
746 0.20000021484269687
1786 8.506685123810254e-07
1094 0.12000038010535423
1408 0.07000086831975286
521 0.10000047826861828
1640 0.33000014295043395
1483 0.33000013794154487
326 0.05000197612585198
1433 3.0135178361034853e-07
477 0.17000025445787045
87 0.15000029161347125
962 0.15000029267203985
834 1.208227334938139e-06
919 0.16000027059188895
1085 0.1900002304482698
532 0.26000017358786237
1446 2.0067365355536104e-07
1949 0.21000020980611317
144 0.19000022929237817
1874 0.07000087233559732
1682 0.2400001851026698
90 0.02003879488708729
10 0.03000880562569325
499 0.12000037439343186
651 0.2100002065004395
1601 0.003044190877716634
559 0.0003885517795710232
713 0.17000025651900716
1329 0.09000055938256633
556 0.1900002307694797
175 0.16000027224703203
814 0.1100004209794002
1618 0.1600002724593639
20 0.10000047749099822
234 0.27000016696362616
621 0.07000087541882762
824 0.09000055649061586
885 0.02004030544936014
295 0.10000047598209616
170 0.0003925858256231939
995 1.950501388424397e-06
1110 0.13000033999615643
113 0.1700002550671462
1482 0.19000022818934592
719 0.1400003144746034
1203 0.020038527832890857
1316 0.08000067623614067
282 0.06000125256756974
978 0.010389923035287357
1699 0.14000031535637975
792 8.480494324697441e-07
99 0.09000056460616246
95 6.623504364561272e-07
1138 0.1300003418474239
1562 0.3100001473573026
1509 0.010390915750542962
1021 5.398732563638431e-07
1348 1.952751985737078e-06
159 0.05000197758601432
606 1.2036349865060525e-06
679 1.2037990370916685e-06
1317 0.29000015947010216
1084 4.118853869361505e-07
319 5.399845688369709e-07
1310 0.24000018387649064
1182 0.23000019229242097
1087 3.821127846949379e-05
1038 0.10000047921539408
975 6.625559143547122e-07
520 0.10000047961646852
1368 0.3300001353021811
50 0.24000018367134704
1467 0.21000020556896942
952 3.7638208148574326e-06
34 0.04000378299112467
1622 0.07000087123415147
1659 0.250000177751483
583 0.18000024319266048
48 2.949793033446557e-07
1271 0.050001990064891755
472 0.00038963441096994365
16 0.0003885402218718557
369 0.2500001783338634
910 6.569389083416199e-07
1840 0.1800002414945745
1633 0.16000027132248243
348 0.30000014980177797
205 0.0030419720555259033
337 0.23000019369724703
1052 0.08000067666020569
1542 0.02003857724463512
1561 0.2300001959034842
993 0.02004078445109437
1214 1.2150651147388447e-06
