kro
1024
uniform_structure0-01
800
1393 0.2700006102226308
1831 3.881842910939681e-06
1059 9.728448142898305e-06
375 0.24000069407854654
911 0.20310935874802585
667 0.05000313578634376
655 0.2400006863731682
332 0.003359931516101592
18 0.1778161668378829
1489 6.092939861535029e-07
487 1.7977723155843117e-06
1755 0.30000055017391714
541 0.1300012574431651
1900 0.21537318820318982
1713 1.2283602187912468e-06
909 6.326455702088118e-07
981 0.060002627137298016
560 0.230000716599471
1638 0.16000104810079002
944 0.10000162534327853
16 0.2400006935141829
1540 1.255785562426226e-06
649 0.2900005688044365
1998 0.09000228010929195
530 0.12000136059820923
286 0.20318847697413658
534 0.07293133166288086
824 0.0900018070395144
220 0.07000276765167089
784 0.2400006875724279
107 0.152443901753616
1034 2.286798006775892e-06
1480 1.5856359300708833e-06
1226 1.6227443934008212e-06
106 0.14000116924728678
924 0.03000523245536115
1876 0.4221851616683618
388 0.12000136024781971
695 0.01613181056691335
317 0.3200005235157739
1808 0.13000121983413382
1230 0.0010155204823455964
1185 5.113995411004657e-06
525 0.3200005387566711
1137 0.23000070805178197
1101 0.15537344975353212
428 0.09293085967304618
1362 0.07000275325198531
489 0.49000035303771616
1947 0.11000148086792821
723 2.6485769522577307e-06
51 0.13244403925812204
368 2.2877835564732996e-06
929 6.849401543995715e-07
1751 0.00034289228281819944
334 0.24000068623207804
910 1.2817721807278915e-06
11 0.27218535264966054
494 0.12000133737026332
1304 1.5201919181528911e-06
1912 0.040002878838877695
441 0.22000075655081638
409 0.10781674158818036
37 0.07000276696092396
793 5.112646705308921e-06
182 0.14000165513571056
663 0.13000125674189247
8 0.11000148149767891
1896 0.0924450475648998
1117 0.19000086482207756
1498 0.040003890274138136
1920 0.10000162499414829
1786 0.11000145116556409
371 1.4216535048489076e-06
533 3.3523714336042287e-06
1274 0.010069748518856282
474 0.07026123968182947
1065 0.13000124989458003
1118 0.05000362510826315
597 0.190001342963414
642 2.7709585842181084e-06
402 0.17462852458892567
787 0.0751160357252963
1105 0.10000162520360482
93 0.2900000987211591
1280 0.24000067824460042
846 0.33755625035178544
993 0.09563263997277886
1443 0.2453726261884095
1007 0.14244444565061748
1757 0.2200007405222473
943 0.0057113998162724045
1504 2.3928937296774366e-06
467 0.0018904441698027034
399 0.03244735266501179
45 8.632309491551221e-05
920 0.2575564090201092
1352 1.3577149245991293e-06
1389 3.478768485845607e-06
1792 0.053190109771537104
1099 0.1800009209127284
60 0.35000047188576894
614 0.09026076901588492
1220 2.014450296072834e-06
289 0.0100697532161063
456 1.8541773885161206e-06
1774 0.010069635538793427
374 0.05807645252025986
733 1.124919575629102e-06
551 0.34244332668138255
1813 0.31000053211604295
158 8.20946395252431e-07
917 0.3800004421336568
1146 0.11000147391657523
744 0.44000037622509
955 0.2075574938959248
1803 6.289156936345464e-07
1999 0.16000102414860354
1903 0.14000111601658033
46 0.13218600438851316
730 0.0018891858896474985
796 2.647842855960092e-06
1933 8.68071807880507e-05
181 0.21000078358260035
1083 0.31563102968676315
347 0.04781844853294486
166 2.0141844168652945e-06
384 2.809597095365657e-06
726 0.35000047167382303
615 0.1900008650333939
1084 0.02244989652353832
4 2.0130746101049146e-06
123 0.12000136017775638
1163 0.24218543602620995
1924 1.7880438300680104e-05
1887 0.02245058469721429
833 1.4791793395418917e-06
1385 0.23000072359561144
111 0.09537410925355462
1130 0.2446282648620959
1312 0.21218553833468617
1097 0.1700009594242742
1348 0.01756970505262824
137 0.3100005316216844
1794 1.7984675423077245e-06
756 0.0018900660055390726
1991 0.16000101782868764
707 0.010072220571684522
1678 0.045148369467355225
1207 0.15000109314815074
1969 6.765390656008306e-05
1055 8.812183901720644e-06
1347 0.2221854967712199
1012 0.1500011071031255
5 0.09755837165880113
1546 0.2800010585320241
160 0.09000181428176195
1830 0.32000050771007665
373 0.22000074871276945
1531 0.24000070927790926
7 0.09563216637127027
1164 8.818344759704139e-06
194 0.11000148065812423
1420 2.0515316024455332e-06
666 0.04000388301724456
1400 0.34781572688222206
1663 0.36218521042160823
398 0.10218683572404767
1246 6.971198500988103e-05
754 0.16144139033741908
843 0.19000086404726949
446 0.07000228256432897
1155 0.33537245375719565
1644 1.1457781410595391e-06
14 0.15074593385836615
764 0.270000610363801
1811 0.08000200167837826
328 0.020010518821412766
190 0.030005232128725596
1236 2.152883630354707e-06
1233 0.13000128050656923
1916 0.2978157988522317
1865 0.11000146717445258
1982 0.2175574591552693
1325 0.17462900203958667
1802 1.2560703087360903e-06
898 0.17925653973681213
919 0.062187824671782
1578 9.723735991958027e-06
1249 0.049258823990361945
708 0.08000200029111061
1625 0.3300005002478024
637 0.05000314278869004
1670 0.21000123944587468
628 9.646246476313625e-07
532 0.06000264964942232
1989 3.881805086772272e-06
476 0.13218551020431923
1333 0.19000086545603284
1484 0.21000078315966347
1524 0.06755813160740945
50 0.09000179951674371
1328 5.252286818885343e-06
282 0.15244437229219981
426 2.2884213213558713e-06
903 0.19000084939103654
1651 2.6466392814422646e-06
480 0.12000136017775638
1939 6.972049857110856e-05
1986 1.6945680514079964e-06
1441 0.04026220323950572
1168 0.21462835022651852
333 0.6900002558837341
1172 6.935297385113684e-05
1167 0.19000087320683032
1323 0.14000117645879692
1700 0.18000091225370074
1364 1.623342317680354e-06
1370 6.963635305473094e-05
604 0.23000072359561144
1252 0.1124447451679585
1959 0.14000117023064554
1391 0.12000134469352622
128 1.7980138511952681e-06
127 6.058743616810247e-07
1499 0.18000090556613801
867 2.6470623112062608e-06
1901 0.11462900697372032
1406 1.9778438226786266e-06
842 1.1676830884710387e-06
777 0.40000041283619653
254 0.13000126400946307
1423 0.13000127267894626
1031 2.288086265941902e-06
311 0.09000180683071463
883 0.3800004419216662
224 0.26000065759306074
1683 2.441552464121921e-06
453 0.21000032929913207
888 0.05244720484181447
68 0.10293069358708486
959 0.1400011770908009
417 0.24000068644371325
977 0.0400038755561074
811 0.2700006117754919
1598 1.090737751618942e-06
321 2.2883979696464163e-06
1264 0.17000097257310917
1706 0.15000108494031278
937 0.2300007159647143
619 0.26000063318602107
1029 0.003194968627148118
1541 0.22000076262617052
605 0.28000057481882024
1257 0.06000262782628232
990 0.02756168013004566
144 0.21000077560860486
187 0.20000081432446654
1045 1.0222126572145829e-06
284 0.2200007479371565
1990 0.3300005079758308
684 0.1500010929372656
1216 6.966464997780475e-05
167 0.06755813105500896
1864 0.12000087432386589
1342 0.2000008300499068
817 9.726058232149837e-06
26 0.26781586093286974
1747 0.015646553688884034
1915 0.29611737531553955
1715 0.2700010886411767
1927 2.0144364805130266e-06
606 3.881246733818122e-06
1428 0.1721857189615461
807 0.19000132796395333
183 0.30000055059760145
1053 2.6984805763519137e-06
1565 0.1321859893972141
1421 0.20000079359056389
1200 0.1421859031030692
1371 0.24462827229403644
161 0.044631563311191155
1495 3.880118342396155e-06
1048 0.19000086559691445
1214 3.1215276936405467e-06
1631 0.43000037711222205
1449 0.33000053165471155
149 0.1300007939682731
1930 0.05781795044563755
506 0.13000122780626674
157 0.10000255595403422
1979 0.19218562029710987
110 0.022450553807938152
1780 0.1400011774419985
1825 0.17000096547084223
1555 0.270000610363801
281 0.000920730555544918
1088 0.07000135142203867
1696 3.141071298277953e-06
1711 0.11025998296393114
938 0.010069698849816943
1316 0.1300017286734471
996 0.3500004711086331
1303 0.23755645454273353
1218 1.2458077289778657e-06
1971 0.2200007558457125
802 0.19000086468120123
96 0.12781699925237353
831 0.21000078393504895
1782 2.3374239680462594e-06
1403 0.001890615188635509
693 0.22000076276719338
366 0.06000265653419943
202 0.140001162456904
749 2.6477935648749895e-06
1911 0.3000005586024537
195 0.28781629583217105
1754 0.21000081442194693
1430 0.19218562747586102
1617 0.18000043446565084
1195 0.2500006506433819
447 0.17244426483474734
1289 0.12000135271627675
1177 0.09462976558406054
1922 0.1378169079126797
1041 1.6231419073114983e-06
834 0.06537485357230105
425 2.6474145156177298e-06
760 0.1900008644698885
916 0.1021863623660799
155 0.21000079064029845
1367 0.2000008138312154
236 0.18000092752987254
797 1.4784589680294502e-06
871 1.6162716992285109e-06
1108 0.1302597860993856
1557 0.010069714087080253
295 0.16000104051532688
58 0.34000048611001216
243 0.14000116238665627
1266 0.07000228916838194
1967 0.15000108444838534
598 0.10000209745125463
908 0.1024444093846011
1614 0.22025928313842644
928 3.1414690455922045e-06
253 0.024634283039146235
1269 0.21000077582007207
1119 0.4300003932277186
1527 0.00017835444947776266
901 0.10244488241603522
858 0.06781754942060753
369 0.364628037071077
1063 5.251577411713448e-06
1783 0.2600006411804772
419 0.22000074765511526
1800 0.23218545090165457
203 0.030005247281197255
1505 6.663523584859998e-07
757 0.22000074779613588
30 0.24000068630262314
121 0.19000088116899252
1677 8.637516417941971e-07
411 0.09074568307567428
692 9.64064015590571e-07
772 1.6944860734419143e-06
1797 0.3578157071947765
327 1.1787260338902428e-06
1512 0.24000069407854654
1162 0.05000363309956887
1256 0.06755909564386708
557 0.1678162287332322
1145 0.16218575495375304
488 0.1824441997986392
874 0.03781920387335537
1643 0.05488894103567878
610 1.5008936490729097e-06
725 0.2500006671195808
681 0.030005253923206795
1978 0.10000160953162522
1542 1.3588221139670953e-06
406 0.08755903188392855
54 9.109099970150414e-07
674 2.019022176391605e-06
678 0.09074567555500698
1453 0.39755711597378846
1731 0.2700006033546368
1300 0.04000388274309744
1217 0.04000389684686888
1051 0.09000131917985499
1153 0.09026034107626736
1047 0.26025917033947116
1494 0.020009707495033214
1784 0.2100007837940694
596 1.2559276613699488e-06
1502 0.11000146640419835
84 0.2700006260763908
1440 0.001888514484049817
1745 0.08000200791771708
1547 0.07000228972215627
1404 0.280000596206962
214 0.10000164681478924
408 0.18000092809314885
1466 7.871319868402171e-07
1664 0.19000085742351322
345 0.5000003311103028
275 0.010069712544159936
813 0.13218600480943182
1710 1.4763710820125953e-06
124 2.0089893375402346e-06
607 0.060002641800894624
1463 0.2400006785267803
1247 0.39000043132464396
1893 1.6702734217249882e-06
753 9.395334499284758e-07
153 0.2200007480076668
1483 0.20000081531099095
877 0.09218651033344342
544 0.3951142678455731
1248 0.04463203105485359
1291 1.3411248823147481e-06
1476 0.3100005315510616
178 0.27000061064614084
21 0.16462858037911343
656 0.3000005434401811
175 0.1500010851511648
1949 0.21000078478093084
1482 0.092186531912695
1867 0.037074872467512725
1964 0.23000072352508252
99 6.899060941105602e-05
1686 0.15244437229219981
255 6.542547426335171e-06
56 6.765575238766759e-05
1919 0.39000042245796934
523 0.2724439051078328
464 0.4400003826932479
1956 0.1578162888142497
1191 0.05244626006755435
1709 0.040003890205594896
633 0.1900013199361302
201 0.030005246570509368
1293 0.07000229646236843
1454 0.31000054012296546
988 0.31000053225728796
567 0.16537340136671685
213 0.2000008219405275
815 3.076327109899357e-06
1384 0.20000083794795015
914 0.11000148100782903
66 0.39000043863667033
935 0.09000179868200026
444 9.970260079483761e-07
1383 0.320000531100878
574 0.15218581315384266
179 0.12025990225629518
101 2.6466503024111243e-06
1766 0.1278165272774331
872 0.11000148093787547
731 0.10000208949257058
36 3.141981446748432e-06
1459 0.17000097334719308
1942 2.384035915861671e-06
1152 1.358042954507921e-06
1506 0.3500004730161438
1089 0.001890437716530984
869 3.838737183022023e-06
1467 0.22218551236420797
1487 5.154734309550935e-06
875 0.08462949305543063
1574 0.3000005505269875
737 0.1824441981081179
48 0.025378968319547505
17 4.112899519604675e-05
1451 0.008659617821626341
1435 1.0922225405773922e-06
1179 0.13000127218794189
490 0.22000074094530744
1170 0.13537361727007582
1725 0.09000179958634764
1575 0.34218524524605737
1479 1.2560740884071109e-06
1615 1.1678056699437889e-06
331 0.18000045038559875
1772 0.04000386139167336
247 0.4800003373744233
162 1.0026241009958303e-05
108 0.45000036628696183
923 0.05000315062128206
364 0.2246283160797698
367 0.15000109342935447
1016 0.21000078337113173
91 5.2527266552540586e-06
613 0.06000266424409158
1091 0.1000016235298013
34 0.07000228256432897
630 3.880109510988328e-06
1028 0.03781919818464428
1529 0.09000181400344638
646 0.15000109230470068
1335 0.21000077490371877
1501 0.20218555533303417
1764 0.12000136017775638
1006 1.0417991451461273e-06
991 0.37000043877869626
308 0.550000300233728
1519 3.141512111073941e-06
103 0.12462889420704684
279 7.582951842832752e-07
1166 0.14000115412095201
80 0.06000313690542386
450 0.19000086482207756
1471 1.8895546055608392e-06
742 0.28462817000851454
1528 0.17000098094201657
280 0.2753730233229277
1322 0.16218577654808486
1564 6.970368508943739e-05
1743 0.14000116147366548
1809 0.32000003002784444
570 0.24218543637893492
982 0.28244388309219337
1951 0.20000082962710858
994 0.13000125716261288
1447 1.271492060028745e-06
580 0.280000580912733
1944 0.0700022906887342
1507 0.23000072296084928
626 0.15218584311656347
418 9.55028816140846e-07
751 0.10000162450567025
1935 0.39000043196065215
1561 0.22000074101581754
1204 0.08000203015888817
1992 0.34000048561551266
1134 0.23149038532177738
1050 0.4000004209265679
1310 0.31218529866813
174 0.00013449247159393746
1128 0.21244405823498325
644 0.11000148121772724
1143 0.03537734544764157
1477 0.3400005015693063
330 0.21000078435798888
1904 9.105434229925158e-06
1559 0.015643471032487612
1596 8.833726714889412e-06
277 2.2884293111591347e-06
235 0.06000265012863119
652 3.88012938610377e-06
680 1.984782489958259e-06
15 0.29000058396243383
1331 3.1404986198177443e-06
1914 0.19000086439945138
140 0.1492562667592247
1870 0.24781590980950877
1735 0.0800020155419459
1442 0.20000082243378903
1975 0.09000179129624815
1156 0.19000087299550775
199 0.4575570620356707
1439 1.5056639115079706e-06
870 0.33000049982398216
931 0.24000068609098762
818 0.032447344027229326
1445 0.13000127309993997
1283 0.17000097229164343
1821 7.145789164830774e-07
1580 0.32462809989973335
1330 0.09000179916882049
930 9.72266916550446e-06
423 0.1631886585571735
483 9.6424777623616e-07
218 0.18000091330984558
899 0.19000086538559244
1197 4.40835320759253e-06
1234 0.05000314278869004
1493 2.0139078769770835e-06
87 0.34025903704117477
1899 0.22511459914737317
0 0.1878161260332793
71 0.2700006177259609
1985 2.6477698456262022e-06
246 0.1600010180396966
142 0.21000078330064226
302 0.22537268525906984
968 0.03026320143533171
1602 0.5500003160098345
522 0.02000970735898621
288 0.24000115605280636
1667 0.16000103356283268
64 0.06000264916760213
1434 0.24218544302090114
1209 6.973769863840434e-05
1582 0.25000066690790174
435 0.07781729419608062
372 0.020010503016267292
1346 1.7886373221148374e-05
1973 0.013211828299640014
31 1.0972903049487337e-05
852 0.030005808213740253
390 0.03681667808783247
861 0.05781796358025721
1909 0.16537338544600624
370 0.18318855629140166
934 0.02537895191682341
1815 0.057817949141371915
469 0.01006961342635299
1025 0.020266305963038925
1490 0.12000135334704742
113 0.1700009734175682
1750 0.020009725615017127
511 0.24000069309090735
132 0.17000093516119363
950 1.1909809232435453e-06
868 2.2801459459292905e-06
152 1.694748578209837e-06
304 0.28000061220744216
881 0.1324445389698771
771 0.08026050068735731
963 0.23000070027998565
732 0.38218518737266216
1672 0.15244438686922726
1043 0.22974172055194392
1767 0.0031982829911003587
44 0.022193573499092775
1194 0.1500010917425351
1534 0.43000039315703703
94 6.969997829684403e-05
114 1.5992595947394994e-06
1669 0.12218609700477001
1419 0.09244504024202506
1798 0.17000098115314483
699 1.090626764732594e-06
421 1.516180779773113e-06
125 0.07000229096431877
1407 0.200000822574722
602 0.09563219652377575
1019 1.1676865297183259e-06
1551 1.1679331520242364e-06
1758 0.1646290527302197
198 0.11000148100782903
168 4.409005502414853e-06
365 0.16000148090270697
1645 0.20611804010960166
294 0.2000008301908402
1983 0.11000148072805258
485 5.250200833906843e-06
1416 0.220001203028182
73 0.22218549627765144
1918 0.270000618431813
1660 0.3899999527354241
1776 3.1415002721690843e-06
176 0.11000148072805258
189 0.21000079127470692
942 0.07463020657102817
750 0.32244334008339326
138 0.15000109931752575
461 0.23000071532995509
1607 6.974963935547744e-05
709 0.03781970288659738
1478 2.42248156459568e-06
527 0.1400011770908009
83 0.057817957154948176
912 0.09218557720624648
1632 0.19000087398169588
1000 0.050003122065788025
126 0.2578158914038516
548 0.13000124989458003
207 0.45218512700854113
763 0.12000135926738058
222 0.05781795639640405
600 0.11781661738514433
1112 0.5200003180140104
621 0.17000050975629394
1224 0.5200003192866558
845 9.798784754155854e-07
1136 0.2000008533214256
1222 0.2400006860204424
1458 0.040003854414258445
1192 0.20000083075457734
1086 9.726803336138762e-06
397 6.726448441646965e-06
654 0.06000264371436318
837 0.2000008220109931
70 0.15000108487003222
1894 2.3980203021911617e-06
933 0.13000125737302168
303 0.15000109980942516
1977 0.20000081488819108
1562 0.26000063396232675
536 6.968579084795819e-05
267 0.26000063396232675
1154 0.09000227177022599
1653 0.14244445423095045
1832 0.07000227547353384
1981 0.21755746606207707
1888 0.001890581439908263
389 0.27000061050497104
1716 0.05000315041600668
706 0.030005246868337904
1810 0.13000125758346256
1049 3.095409823926365e-06
1351 2.7620655897396193e-05
1628 8.636027329922413e-07
256 0.1300012652016303
1702 0.08000201519514036
40 8.649962857233337e-05
896 9.713421735821348e-06
1961 0.12000137481800185
1835 0.07781731681617161
41 0.21000076777565604
219 1.3586738172033375e-06
1597 0.18462893695165766
790 0.18781614211215356
1509 9.725427789823021e-06
759 0.2200003005016451
1620 0.16000103278910988
1268 0.29000058375061605
1689 0.3800004419923298
393 0.2546282308057584
90 0.19000086482207756
513 0.10000206770279937
806 9.705633121914747e-07
573 2.0094893668914926e-06
1125 1.2562141562255658e-06
497 0.24000068714916112
1075 0.12000135989755188
340 0.050003114529334806
1765 0.18000091274655647
1773 0.1400011770908009
465 0.1700009646967982
748 0.03000524021973662
95 0.11000147370662848
1093 0.12000135968745007
1937 0.13462879911561568
433 0.08000200036047111
1841 0.09000133301134779
965 1.6838788097217616e-06
414 0.3600004665808043
665 3.1401417525458997e-06
504 0.2700006180083025
1537 0.005715220860549928
1129 6.6523953551334e-07
1570 0.1900013277526453
1974 0.012225834613874205
1123 0.003363879258122306
1931 0.0018905499277602682
1414 0.2743700967653494
1015 0.12000135292648974
1952 0.39000043196065215
154 1.739262173505729e-06
1539 4.508748940694474e-06
278 0.10000162457543094
1188 2.4313475129739137e-06
658 0.16000148932587294
1014 0.22000074045173734
1321 0.3500004709673354
1187 2.01361665019828e-06
1953 0.04000337288141047
1655 0.11000101638898353
1799 0.10000162499414829
1818 0.06000265680957216
1576 0.19218561135763432
587 0.24000071019499322
746 0.14000114620610626
676 6.967291352579126e-05
1306 7.72062765497239e-07
585 0.10000209060932447
892 0.15000109195333444
1680 0.09488830664449889
205 0.09781688294369745
1647 0.19781607438833537
1536 5.677285043810543e-06
1138 0.12681365567286518
1518 4.38754941434194e-07
1791 0.12611901228497396
1577 0.032447898318478705
1895 0.0700027598310576
1641 0.3900004227406403
35 0.10755823387727337
1183 0.19462842933143165
1862 0.1500010927966839
1675 0.1100014873293014
502 0.35000047898102116
1259 0.04000388288017151
1877 0.2900005684514088
1327 0.08681421618213264
1681 0.2900005680983801
821 0.030005254856801788
998 0.3000005503857595
1882 0.33000050769328365
1180 0.020009626666165393
1424 0.36000046552099213
33 0.02000973327222547
1771 0.08000200271888089
1652 0.12000135996759566
517 0.590000296399326
1848 0.05000313585524861
1278 0.2778158538927098
