power768
768
WC_Weibull_structure
400
708 0.014650066062704085
204 0.01329544568685466
511 0.018277036534606016
568 0.014611288744865917
182 0.015306695074287734
170 0.009492685192976595
10 0.01122215254193643
135 0.008843812003486754
307 0.011369506253744048
21 0.012918013223788253
377 0.01100758478878763
593 0.015314450492908834
784 0.01102051053322633
76 0.01128678136323409
19 0.008742991218216555
637 0.013365244797300162
388 0.011131672232511292
342 0.010252720156905338
783 0.010389733258108894
328 0.012372545813964426
140 0.011847759704053551
190 0.012217436630688097
745 0.010087270285655134
769 0.008794694224944935
304 0.009787392621678314
489 0.008691288188434548
374 0.011734012939366862
733 0.011085139431464304
120 0.011196301004937504
723 0.011198886181144773
524 0.012261384198322395
447 0.012398397307950632
555 0.016250276133383184
409 0.010637907901025612
83 0.010449191758616772
766 0.012134711719249354
189 0.01491375160359903
665 0.01137209145197259
508 0.011765034712732221
57 0.013440214270311788
532 0.013944319284911771
131 0.013595323372195135
753 0.01060171575832686
166 0.014921507132328414
262 0.013062781770281195
382 0.010756824911785125
291 0.011157523680296976
663 0.010751654663974215
691 0.014474275501242126
138 0.010392318416686877
450 0.012491462885515678
677 0.01697411910488778
645 0.013856423873765593
212 0.011933069752255884
337 0.011646117719592885
265 0.012739637592918717
570 0.012018379784351468
688 0.01075941013980695
607 0.011677139573175477
35 0.01160217011895436
31 0.0174161803277293
487 0.01037163719411038
612 0.012199340527751108
44 0.010195846823627296
773 0.010518990906600191
52 0.012806851599488113
66 0.013440214218823696
550 0.014432913074332336
460 0.012351864559606969
679 0.011092894858397042
700 0.01149100855733433
227 0.013921052774926902
290 0.014140790815285237
484 0.012491462888312531
100 0.013856423871911518
69 0.01667941159266279
477 0.014024458966357973
585 0.01012863276879303
621 0.014523393540029404
211 0.013799550500857159
315 0.011320388429571303
729 0.01494735868160676
348 0.013261838651261178
795 0.010407829340421523
762 0.010909348982654735
240 0.011643532524675138
194 0.013192039540840824
327 0.009590921015286006
662 0.012026135271975292
421 0.010500894849156422
239 0.008277663956964764
51 0.010715462545231426
527 0.01122473773015927
704 0.010875742070285542
343 0.013853838816797928
147 0.012421663778852728
474 0.010844720296623877
459 0.011465156955619199
622 0.010451776973818293
26 0.010839549883492578
395 0.012912842858143819
243 0.014109769010905975
505 0.013373000180143015
77 0.01277065947960521
98 0.012225192083570972
72 0.011777960510593585
543 0.010780091358787328
671 0.012196755473457988
620 0.012364790438851737
791 0.015485070642417812
321 0.016431236878701724
18 0.011596999858069959
591 0.015831481264485667
50 0.012824947730508188
445 0.013259253400454805
28 0.01501457268539688
38 0.010449191877876423
63 0.015032668869653458
749 0.01196926194930239
14 0.016113262964897755
404 0.011635777097817896
268 0.012307917033954818
168 0.013044685676899403
84 0.012553506655854078
424 0.009991619607544496
216 0.012739637626794
422 0.012341523925289576
646 0.013957244881314163
349 0.01662770849724329
506 0.014122694698645574
561 0.012108860183124624
692 0.013329052683491563
256 0.014370869467807672
153 0.011258344731589431
217 0.01272929705108774
558 0.010322519252962613
90 0.01226138426639943
280 0.011612510690558853
411 0.012036475900805029
633 0.010257890476407624
91 0.009487514942444007
269 0.013334222913882475
333 0.012282065497658869
370 0.010741314026525704
82 0.01078526164206101
320 0.014965454778617234
402 0.012930938913745919
65 0.016136529337877136
358 0.01137984686840993
588 0.013727166206534048
579 0.00999937516353578
228 0.012659497850124508
780 0.011940825152050354
736 0.010911934216302734
5 0.009955427514776832
355 0.012408737920494106
253 0.016058974748550607
610 0.015831481238975695
363 0.010759410235335023
650 0.011475497607800113
734 0.009285873099553086
473 0.01357722738994201
598 0.008443113691582491
455 0.01262589087037995
525 0.013310956590515455
507 0.01535581295526053
590 0.014606118420340973
149 0.012297576449900769
359 0.014647480984653672
428 0.012992982621708374
198 0.011379846896958357
750 0.009510781260529734
557 0.014011533112306447
286 0.010213942778203618
737 0.01152978579793273
17 0.010586204913305069
277 0.011772790328435803
124 0.012687934500986734
308 0.013815061438253841
499 0.011754694136391642
364 0.00961160227261583
744 0.008326781817738417
748 0.0131351660343897
616 0.009585750651541505
278 0.01414337604528679
666 0.011682309810137617
403 0.008021734087978747
755 0.012054571879654525
540 0.009526292178028936
625 0.013148091949000167
655 0.013908126967209828
13 0.012093349201608844
504 0.009169541250482879
724 0.009027357836214335
167 0.012191585105633505
249 0.015125734309495749
206 0.013411777500646664
271 0.012775829712942523
260 0.013238572209594072
400 0.009567654661503493
792 0.009479759495428303
261 0.008316441258900303
399 0.012726711885556954
134 0.010203602228575016
126 0.014595777878564616
407 0.014094258070438893
4 0.010307008304605507
143 0.00999679000186387
213 0.013812476294110884
279 0.014138205744349895
690 0.010180335794823804
373 0.01052416117008634
152 0.01380213574138556
234 0.010656004076827326
264 0.012669838448781345
752 0.011868440916321879
203 0.014197664126441613
785 0.010123462496941666
106 0.01219158513500441
88 0.012346694359077334
326 0.011325558715766173
208 0.010436265979247792
114 0.013639270967708965
562 0.011439305469737704
604 0.012788755474708488
681 0.015174852209557686
41 0.012946449951581562
193 0.011061873117685717
476 0.009694327162249963
523 0.011586659324779671
318 0.013835742619985686
433 0.008794694111500521
158 0.013768528648846133
225 0.00919022248644244
74 0.013784039652336738
659 0.013300615985213933
569 0.011085139534623294
763 0.009999375144059786
338 0.013331637832717564
664 0.012020964970073099
742 0.008603392952906302
439 0.012245873381861588
175 0.013365244792643333
345 0.01600985684510426
592 0.01591679139621275
47 0.013119655240842229
463 0.015635009590110313
423 0.01394173399595359
78 0.010896423217246421
191 0.009908894745352954
453 0.011165279219428899
105 0.011015340323669558
495 0.010624982217899386
602 0.009852021505810066
266 0.01209851952460563
494 0.01132814384921559
371 0.011015340313104229
289 0.00999678998560002
553 0.010118292223310848
252 0.011881366588405821
468 0.01171850199875236
102 0.012804266440769926
285 0.013727166198784438
156 0.013954659738583477
789 0.009461663388262135
536 0.011721087119285323
230 0.013354904183482936
542 0.010645663404118363
754 0.011248004075843948
710 0.01386417939467128
379 0.013884860603406855
685 0.015464389440432857
384 0.009244510693384302
96 0.010353541143471196
336 0.01613135914804447
176 0.01076716564455784
716 0.013690974080449647
108 0.013186869128617787
566 0.01098431844645977
573 0.010462117487635939
1 0.01564535033833684
634 0.014528563839446054
531 0.012747393039539106
535 0.0180055955968303
478 0.011054117600000978
392 0.01244493026744006
192 0.012840458657420908
427 0.011586659208473975
493 0.011418624171449981
779 0.010164824877892109
485 0.009621942899392798
735 0.012768074402146922
517 0.009792562926972025
199 0.013005908398760362
95 0.014122694784960782
408 0.013132580871031942
61 0.01061205641061752
391 0.011439305516296292
45 0.008781768419788715
92 0.01507920157243291
12 0.012385471568448447
451 0.013760773264375342
305 0.012762903980698254
146 0.014551830324620332
583 0.011558222491264602
275 0.011648702846286267
452 0.011777960523306093
457 0.010425925412079833
303 0.010431095639124746
751 0.012126956210923207
32 0.012460440960068004
144 0.012292406106031507
437 0.011007584849095683
339 0.01641314082885927
661 0.014846537673236872
674 0.011325558695240575
160 0.013636685883516983
263 0.012095934492208226
414 0.012460441061603772
58 0.012041646177351194
582 0.010294082576735796
782 0.011330729019148191
796 0.013703899865319518
319 0.009469418860561591
245 0.010550012678195062
7 0.015317035663065148
684 0.013251498033283614
276 0.010539672105510036
347 0.015262747420045115
30 0.00988821358187955
60 0.012333768515140418
575 0.013732336623045011
165 0.010151899164220369
255 0.015852162401562366
294 0.013013663866914162
434 0.010213942850529326
576 0.01349450238059199
150 0.013179113680904533
316 0.01268276423019395
267 0.010599130624068285
564 0.01243717470173407
656 0.009451322757532285
297 0.00831902627572477
94 0.011196300976764276
756 0.01334714863095111
159 0.012636231467866983
609 0.011568563095099859
726 0.01125834475097054
642 0.011852930018726825
282 0.010278571635436036
200 0.01287148038576927
711 0.011682309872872554
0 0.014652651176876117
148 0.014939603318280419
647 0.01192272913142047
202 0.01374267712337919
572 0.010855060816171158
387 0.012579358087528345
492 0.01290250233988385
123 0.015637594875108005
722 0.013235987142533394
707 0.011674554456642249
503 0.009515951505606288
116 0.01417181273077189
155 0.015229140407568094
270 0.010534501789835457
130 0.010855060777230757
393 0.011591829490386646
33 0.01400636276681241
643 0.012486292532728078
709 0.012088178962571609
369 0.012631061124522948
368 0.012284650635094138
171 0.01180898241496349
376 0.015006817248301054
774 0.013494502402504693
458 0.009681401395640814
565 0.009919235375051945
640 0.01135399546420448
417 0.011596999838150096
461 0.013093803599756412
157 0.013616004700670908
497 0.012008039182791485
151 0.010821453809585352
15 0.01185551516868461
534 0.012416493552707575
64 0.011532370981556688
242 0.010299252966054632
706 0.014704354311045359
617 0.012662082961457363
367 0.016400214998728443
274 0.011343654725433269
465 0.013442799410163386
251 0.012594868968305428
680 0.011527200637353269
533 0.013621175011772055
651 0.01175986456159744
689 0.012287235777000314
794 0.008900685445293887
635 0.01115493855056227
