power768
768
uniform_structure0-01
400
612 0.22000077914988045
1381 0.23608426272412514
1645 0.20212551861789857
1874 0.19000101054152452
1054 0.12000163381182019
1433 0.02395203485083698
317 0.17000102864745936
778 0.1360426063215938
592 0.09000208530288561
1313 0.09000221879459482
238 0.2100009624871758
672 0.15604228717227964
964 0.19000100710711273
1815 0.20000095816560465
1454 0.05000623868823581
402 0.32785059140387085
858 0.09787721236512478
590 0.32608403444011064
497 0.12000158596023099
1259 0.4139569963302634
990 0.21000096187962589
1642 0.12879188448020432
136 0.20603981614745195
84 0.23604201913328104
606 0.3700005242755571
856 0.3185498016611095
929 0.0800025389423553
981 0.2642776511454648
739 0.2142912795003449
1690 0.18962383463079185
1994 0.22000092097212082
1494 0.23823425275959617
1533 0.1000019222104373
127 0.07434988212924432
1187 0.06000412005814253
1169 0.2500007706499305
688 0.22000087145904584
333 0.2539197257642427
1016 0.2100009134286851
767 5.720682365067953e-06
1781 0.4400004885259786
523 0.09000702203104657
322 0.2499984512357964
1026 0.0500063381074741
1299 0.1500012695241681
585 0.12000158576955536
180 0.22000087186672548
1411 0.0800025389662147
32 0.14604246580215494
1158 0.2200008736930636
1356 0.2142030872129199
1857 0.06000422612813565
811 0.4900004941833857
1436 0.13000146473470037
83 0.21000096228488965
101 0.2000009118030935
95 0.12000158907755026
909 0.38000051205949664
1714 0.143702055751928
1507 0.1400013131742678
451 0.28134899299063343
1744 0.0667843351226959
1729 0.0058868928186516754
235 0.18425019022069886
566 0.05000635156307204
659 0.2800006907287723
1833 0.1600011927535579
999 0.09572734830506932
1201 0.1978762581226727
175 0.19823446781412674
1605 0.2682341137102452
185 0.2600008387294227
751 0.03397850455432739
1449 0.1458459936957716
1759 0.19932717487660448
71 0.09000212978424982
1935 0.12458970775594351
1812 0.021837148423234313
1873 0.1321260597110214
1929 0.2600007422982894
410 0.370000524478135
1691 0.2545888482753644
1094 0.25000076963804296
1104 0.08000743146182299
1462 0.1900010552415122
660 0.26176719705499313
1216 0.2638942562901146
137 0.23000083682225247
1883 0.0400109702277427
364 0.2700007622861537
117 0.0900021301192961
1204 0.06177020401891184
1630 0.2800006893167248
803 0.019414060096062603
1779 0.04001112775783593
1049 0.33000295184818207
853 0.20000095775833943
768 0.19000100913677662
665 0.07036417882621039
377 0.1368611592745107
713 0.24000085075387137
1808 0.04785744457141939
1977 0.2600007422982894
1082 0.3439171725913299
775 0.280000641872977
602 0.2578483817808744
1543 0.1696876258366654
1681 0.21604209324955623
1725 0.20000095755441608
1931 0.05000625876747641
1317 0.3200006048547727
283 0.2703610757021956
1661 0.21000086660820794
257 0.053923828321698
1167 0.2895921601935763
1465 0.15000131640740264
1375 0.1199991931651196
744 0.1439178341654262
1916 0.2000009120046047
381 0.1822233701791013
1009 0.26000078950261074
1221 0.19000096061109714
433 0.29604181081522124
1965 0.18823674983762664
1337 0.09000212980303754
275 0.1396432800309402
1551 0.14724744986300847
1946 0.2038896869174339
1435 0.2800006874933509
223 0.27420293573042526
779 0.2700006194094971
495 0.24000080400134138
303 0.36613940866297023
1897 0.2700007144546697
327 0.15000122468399799
1057 0.2903587081764387
939 0.1799286909347715
1392 0.15000122589913115
1067 0.06826672599509193
1964 0.12000397810169432
548 0.1500013176290157
997 0.20000095998734435
1623 0.06000412278330068
1175 0.06000420911284435
537 0.17000112290269684
181 0.0739616967407793
1926 0.07000313941265346
299 0.22826431992089347
1568 0.1500689417603029
1794 0.3379184514163016
157 0.227876236835711
201 0.020100351011155017
830 0.14355599427551932
1268 0.11780698154990511
987 0.1639600543191608
1231 0.17992869233366016
1129 0.2100009618796259
1213 0.4099281098670586
1913 0.09000217430867884
1565 0.41000052350958455
517 0.179928691737738
1723 0.12000158558069357
1386 0.05389693237192127
967 0.10819054471024486
1510 0.22000087550272882
961 0.05389693237192127
1122 0.21000091464430715
1632 0.19176522223283016
1458 0.1721233665752817
831 0.24000089790908188
285 0.11000173345387436
73 0.26980425018124365
1720 0.3300006822142269
1648 0.09212686564091228
923 0.1360424691126634
1770 0.18000110948561932
107 0.05132730946302359
220 0.17999869120936407
1940 0.19000096000263558
58 0.2400008023926924
1888 0.16177013728893314
1870 0.0700031281702209
1971 0.2017652233765698
1637 0.15604480527342607
28 0.11176824120991696
1152 0.24132370655809984
353 0.1300038490609909
1430 0.16212585992942696
837 0.19000100913677662
1899 0.027838238983589184
1821 0.12000149229375796
1797 0.06000415056114976
1459 0.26000074249966787
1487 0.15000127053913154
574 0.19999863678146199
1603 0.07396164839304041
1114 0.16000124039973676
793 0.19999868668784226
1173 0.5300003655915922
935 0.07011512024620055
550 0.181767644710559
886 0.14000136105990765
187 0.04720317303138435
516 0.21000086660820794
873 0.26000074068204304
1910 0.1417678659747324
639 0.24000085155867362
900 0.6685941150893611
290 0.0014195935008507734
305 0.27000066480583257
1513 0.05000632784956656
1191 3.7873993668502415e-06
619 0.18792097794983936
478 0.2100009624871758
638 0.22000087610139946
551 0.109929312473676
1150 0.25000313813483416
1027 0.021802816988077258
273 0.32992836600737974
1005 0.11000173359961227
1825 0.12845307270656825
723 0.29000071253782683
754 0.2360842625235281
1239 0.18000106427079962
850 0.1679718821068621
958 0.2400008493383054
1273 0.2382343038275984
272 0.31212290129093434
1590 0.06396239967326907
913 0.06784305585303267
1345 0.13000141711378974
1031 0.18000106101672142
702 0.2463999431976707
1331 0.09823777404209069
599 0.10826523338893759
429 0.11000168840318364
393 0.23212785171512182
1609 0.14961543364394037
1663 0.12995916684529052
912 0.17584575403907174
1643 0.06787830748286253
1349 0.10823989948647224
1662 0.1700011722946049
418 0.15000126972725247
318 0.08000258211416932
894 0.30787612544757714
33 0.17175559576259908
1318 0.3442909202418771
1432 0.16000119396955736
692 0.22370409679404457
611 0.11823736374404897
1925 0.030025333180831608
138 0.46000042272897884
514 0.08176892069996197
1110 0.0035828043429446724
1622 0.13883067329693194
628 0.14000126591862894
337 0.2861094715873076
579 0.14608483802081046
1451 0.03433632132264413
1148 0.3399982058535549
718 1.2463792636863147e-06
934 0.027887012259038762
1143 0.026081531595167677
998 0.17611234179475888
9 0.0982354064265893
1407 0.19389210284673777
1765 0.1121264092077538
1957 0.2700007144546697
1699 0.35000055182548123
1496 0.27000076430221703
1258 0.18398757836867252
1769 0.17823448385106824
332 0.22000087186672548
1823 0.1978764004082554
746 0.16636322154812663
36 9.804203930584982e-05
897 0.24604199076188685
92 0.17000112351513466
1636 0.29999837532930923
98 0.16000114512555796
1070 0.0982354064516946
653 0.2143152419530346
657 0.16353433361912367
1315 0.19227550652404032
1490 0.29000066568215604
513 0.10779242361108898
1146 0.14000131297224871
707 0.33000058636106233
1241 0.26000079051144825
1303 0.11992920776784395
640 0.15429152102820382
453 0.09000221844315796
234 3.589148009491838e-06
1469 0.0999971046199406
1801 0.20000095938226134
443 0.08188127846834159
1851 0.2900006646694901
292 0.24000085095537413
161 0.0600041931396321
1653 0.1114268675227338
1793 0.1500012691178856
1578 0.1200014926709407
1347 0.2060843385381391
573 0.18813677879943047
1346 1.660229742739272e-06
340 0.2778760937274403
40 0.02011879733998569
512 0.2278762360491852
1058 0.3039595267585783
1257 0.17787412694216478
1937 0.28246885242130154
898 0.16000119234673268
733 0.1500012695241681
164 0.15000127256465648
51 1.0947916176097527e-05
1705 0.23000083662050844
1112 0.20000086443490253
877 0.26395957397278075
362 0.11000168731715522
41 0.1599964885563377
1796 0.10216656590182124
527 0.11395571875687556
280 0.060004182840292
663 0.09175626579731762
690 9.665690395841905e-05
1249 0.1899986369630377
1210 0.3740570359549966
484 0.09459021620643
243 0.009195777544701599
1600 0.28000073858145486
1087 0.23787625047683916
86 0.17000112574310297
785 0.10000192170361034
380 0.1800010628545493
1558 0.19000100751488605
188 0.17000112290269684
323 0.17000117269956216
216 0.030418264294015757
1722 0.1000018317142573
1464 0.08219723097041773
102 0.11000168776027815
835 0.2400008019886752
1564 0.03221592388701393
1084 0.04396732794797381
1017 0.26761196788256747
361 0.15176778685638503
1029 0.016068967321036493
1813 0.17000112331118827
836 0.05601920930491203
1263 0.17179539080690262
1376 0.21395974031635204
488 0.13604256200678816
1290 0.36000053845544305
1771 0.2400007997558939
1228 0.061770125448090206
77 0.060004200474272996
1179 0.21000091444223942
1134 0.04611859358686382
31 0.10611521608377403
39 0.21000091302188414
1726 0.1600012393800168
409 0.24632762179724146
207 0.10213130511455866
50 0.30000059509623767
1846 0.16177009162311565
694 0.057924449353051535
1340 0.3420227624866133
822 0.19389215230036816
191 0.2503611377947342
1840 0.05761584533789531
815 0.12644171336333943
8 0.19389447713496288
1717 0.19000095959594346
147 0.06193262541157594
1884 0.24000080380096978
396 0.04573524216445349
1248 0.10000192280000424
596 0.2699682230013064
1135 0.18000106305765332
791 0.11823745664929916
560 0.13604022459162576
1859 0.04573263994362764
829 0.3039595281713907
1668 0.050006257032348685
1773 0.1978764024296444
1164 0.12000158576955536
85 0.14000140795493615
160 0.21000091444223945
773 0.10175131382469263
1075 0.02606378533796417
1132 0.04216451256080815
651 0.18176759481586036
988 0.06219868796928912
689 0.12000158576955536
1377 0.32395939362718945
271 0.1461101322952673
61 0.3200006028292236
224 0.19348960025948223
1410 0.03612209877586611
