ER512
512
WC_Weibull_structure
400
327 0.006385732830950974
180 0.0059345426532636195
49 0.006420262790066363
629 0.00623610332557716
615 0.006390336824587999
549 0.005950656553773166
73 0.00617394954942583
193 0.005851670935219882
512 0.006015112154013872
367 0.006413356757563761
505 0.006362712911057651
308 0.006450188618894768
517 0.006026622265036389
404 0.006316673075901955
737 0.005759591435046849
575 0.005969072419897563
46 0.006022018214304136
503 0.005909220694875347
74 0.00629595512734586
785 0.0064663025952538455
39 0.006931305114859115
83 0.00646630257182175
484 0.006183157556997315
478 0.0060680580294535874
408 0.006622838026867954
36 0.006035830216114606
86 0.005858576913778525
660 0.006086473848202006
595 0.006452490595082402
233 0.006079567908628678
684 0.006051944052993888
355 0.006295955163871764
757 0.0064985304981926865
191 0.0062683313022695
566 0.006523852399603738
410 0.0058931067257248825
300 0.006111795862235282
185 0.0064317726801335195
356 0.0060979839419426935
5 0.006355806922170245
238 0.006173949649285547
200 0.006249915315081798
789 0.006123305753066431
429 0.0064824165663603045
717 0.006436376692693435
714 0.006192365624417421
4 0.006295955108038121
537 0.006862245298281538
78 0.006533060374026518
35 0.005614566257693361
212 0.006164741696856804
221 0.006519248357626205
229 0.006157835809546206
697 0.006171647608165357
578 0.006376524884779468
82 0.00639494086493755
227 0.006514644367683815
42 0.005978280400397561
295 0.006077265952795176
234 0.005916126691058035
70 0.006072661999299913
468 0.005750383444007695
145 0.0063742228683457865
359 0.006109493911257051
783 0.006438678650885216
235 0.006206177456466198
282 0.00652385233740204
260 0.005824047087113272
7 0.005840160953106183
344 0.00613481567662255
22 0.0060312261507069805
551 0.006638951957971761
584 0.006859943315551816
511 0.006028924101906898
170 0.006388034784590614
321 0.006236103337590736
661 0.005713551639311238
335 0.006620536037815142
720 0.006019716234820481
438 0.005708947773494048
314 0.006162439566482319
567 0.006318975081986865
63 0.0064801144977130725
167 0.00604503820659494
442 0.005980582429024308
352 0.005752685392523113
621 0.006323579078702752
587 0.006040434157349063
528 0.00590461668996654
132 0.006450188603488456
648 0.006097983966167733
141 0.006213083378951203
160 0.005736571515629306
672 0.006477812471363782
209 0.0059391466122408225
71 0.006330485059982575
345 0.005674417938577008
388 0.006137117788182074
268 0.00649622839599106
257 0.006183157512916429
121 0.006072662068695699
624 0.0064041488038689256
19 0.006434074681945894
778 0.0061693456519734775
117 0.006150929755059576
466 0.006367316886783984
427 0.006231499379189073
23 0.006104889828473888
33 0.006335089036443034
136 0.005656001900250207
493 0.006586006163687122
364 0.006109493774849658
627 0.006072662010034589
745 0.0066527639470828305
102 0.006470906501832736
105 0.005978280401187745
589 0.005957562470997758
199 0.005830953126212134
557 0.006544570250383567
79 0.006464000591386145
782 0.006192365550384396
391 0.0055455066460294074
45 0.006551476268219207
693 0.006659669934267751
751 0.0063166730221262055
31 0.006024320247163978
572 0.006208479453330801
171 0.0058885028145299195
51 0.006806997475739284
337 0.006332786964215398
346 0.006533060370386403
378 0.007278906039015256
10 0.006454792678861007
732 0.006438678689560482
290 0.0058931067460707065
278 0.006353505006077879
59 0.006323579069298548
216 0.005950656591645676
184 0.0062913511448933115
690 0.005833255141351129
237 0.006599818099702332
445 0.005720457732903503
444 0.005982884308990407
713 0.0059644685145208
100 0.006381128813084661
443 0.006611328042016688
677 0.006125607704095915
640 0.006077265939142848
129 0.0061647415986720725
439 0.006323579067190222
570 0.006180855510703061
422 0.005863180748540447
380 0.005957562501897787
750 0.006268331289940374
104 0.006369618891451063
89 0.005936844612836905
313 0.00598058234338134
553 0.006093379956588784
8 0.006270633285520515
154 0.006459396569922617
284 0.005821745102441254
371 0.006443282627341233
152 0.007092444647534423
319 0.006081869989400876
210 0.006270633255846436
101 0.006429470646262749
726 0.0064501886184324874
481 0.006268331313832989
561 0.006107191920202278
153 0.006648159976301329
416 0.006325880994762958
655 0.0062199893555513535
630 0.0060013003500931405
616 0.006051943965511761
729 0.00671491775224632
384 0.006339692979074207
502 0.006404148773218937
254 0.006385732865866979
559 0.006035830202534822
316 0.006289049176249423
3 0.006307465092478696
514 0.006176251643056141
108 0.006790883546652266
285 0.006424866697570289
148 0.006277539166632266
350 0.007196034332905482
242 0.00619236555221559
473 0.0061463256834229625
687 0.006231499416364884
490 0.005727363576663851
526 0.005943750593993681
539 0.005704343715927788
340 0.006022018192789033
9 0.006291351106203199
27 0.006305163094104506
790 0.006160137641970128
296 0.005996696365588251
673 0.006503134458920622
486 0.006498530485675469
437 0.006399544805047994
140 0.006565288259815755
500 0.006088775900569277
50 0.005847066908084578
560 0.005844764958434791
267 0.006116399821589971
333 0.006240707363062908
205 0.005722759604729325
374 0.006533060385642711
521 0.006116399782429613
123 0.006141721722971946
28 0.005814839153117634
124 0.005849369048142866
664 0.005948354503545625
138 0.0063811288770748535
656 0.006116399799808252
797 0.006107191951937239
637 0.006415658773581287
172 0.0063097671483782905
311 0.006222291447345364
617 0.006526154366418626
722 0.005718155695878452
742 0.005943750513322644
441 0.005897710774780873
418 0.006369618845607513
669 0.0062061775229104365
764 0.00575038337671355
614 0.006150929748509624
288 0.006464000603256819
342 0.006028924156703174
155 0.00621538547998026
62 0.005840161012546209
407 0.00589540873970022
568 0.006834621373501343
727 0.005665210032604904
692 0.006215385401661982
628 0.005805631302890309
144 0.005932240435964721
113 0.006516946410621184
139 0.006424866738683383
718 0.006114097913580814
224 0.006772467578305759
122 0.00607266199713019
768 0.006056547998669913
524 0.005738873561812084
597 0.006102587883856296
0 0.0063465988942982025
525 0.005936844703326631
246 0.006038132182851382
24 0.0063811288468083776
414 0.006222291403978707
662 0.006132513784020047
639 0.006286747170011666
704 0.006010508244417152
647 0.006652763949290822
332 0.006330484987335895
220 0.006169345654420855
201 0.005923032544449876
417 0.006051944066045515
198 0.00599899831676084
341 0.006661971912273093
465 0.005826349127287675
112 0.006295955133094685
774 0.006093379915663279
651 0.00622459337240332
540 0.005621472207351877
596 0.005982884327215041
305 0.00630055914677393
451 0.0061854595903576
606 0.006590610134588739
215 0.00601971623258656
504 0.006072661998577521
304 0.0071522964251291045
477 0.0059805824041330394
516 0.006323579076104078
707 0.006144023704952841
659 0.006376524844100837
343 0.0060542460866289585
66 0.005906918694341668
423 0.006173949612487071
203 0.006533060288259265
798 0.006896775190163656
276 0.006376524851906495
420 0.006206177404478694
541 0.00640414877614983
744 0.006259123227934242
609 0.006595214131807889
721 0.005923032674015022
398 0.006282143205361784
590 0.006574496144994356
496 0.006369618860137918
163 0.005909220657476666
425 0.0057480814874370095
610 0.006434074616363243
293 0.006047340095454912
396 0.006270633259213543
324 0.0059943943207613325
763 0.006226895359149029
583 0.0060427360928637305
756 0.006443282624484884
61 0.006208479501655459
576 0.0063212770425674905
412 0.0064870205110928525
736 0.006450188612862816
688 0.006839225375968938
57 0.006516946423935215
258 0.005959864431615926
787 0.005989790317695063
107 0.00603352825492121
169 0.00634199504834349
370 0.006031226248827537
348 0.00643407472396798
520 0.006270633256408856
780 0.006118701835189292
635 0.00598979034825922
507 0.006346598946600323
588 0.0059299386480630035
563 0.006427168668623403
565 0.006289049076380216
748 0.006749447630715899
683 0.006454792599728731
731 0.005964468536669331
275 0.006109493845691514
415 0.006567590211924201
689 0.005830953042147879
286 0.0063419950263169725
799 0.005994394367883812
214 0.006199271501669557
134 0.006127909829585342
390 0.00615553367746468
710 0.006275237191524554
671 0.006222291402731395
137 0.006114097844694266
299 0.006093379949961708
218 0.005952958466262185
363 0.005916126870212411
513 0.00592763660467285
582 0.006005904283245172
291 0.00597137445172942
772 0.006012810215219031
724 0.006148627682444737
312 0.006259123286685756
16 0.006003602309291827
349 0.006245311340228649
401 0.006378826857032832
666 0.0064939264224303135
187 0.006061152021037021
792 0.006068057977494878
252 0.006318975101896111
381 0.00663664999246831
448 0.006226895359149029
506 0.006309767039359444
450 0.005441917316229061
480 0.006070360045467255
376 0.006171647451010502
362 0.0059759783188353035
250 0.006277539240971311
289 0.006413356703524478
192 0.006201573436455372
125 0.006404148756883851
128 0.005807933122598564
96 0.006510040411815403
53 0.0061762515466717155
548 0.00590922057272683
64 0.006820809431432941
12 0.0061624395972974914
716 0.005619170173935869
532 0.006111795854828452
38 0.005803329279016418
75 0.006038132140130944
52 0.006487020470599685
488 0.0064962284730642715
206 0.006500832412605369
472 0.006470906544687222
431 0.005925334735165084
270 0.006503134516580979
571 0.006226895346784075
76 0.0065675902394520935
240 0.006360410936756419
385 0.006134815703232349
579 0.005936844612836905
405 0.006203875503492074
686 0.006542268346425591
460 0.006650461923446937
607 0.005980582345927213
114 0.006093379923378309
574 0.006500832489028515
379 0.006436376667838012
219 0.006213083485454724
719 0.005853973030910798
479 0.006337391017180624
265 0.006369618875441308
467 0.00637422291973268
157 0.006374222821229029
523 0.006272935212008441
613 0.006597516149057793
395 0.006302861159607525
746 0.006321276991395127
92 0.00653075836879197
611 0.0062476133136594916
599 0.006682689892462585
