ER512
512
uniform_structure0-01
100
1712 0.5200000072163502
370 0.20000003289858417
1367 0.41000001009287773
395 0.09000041062060826
1884 0.3300000128430587
700 0.47000000849078327
760 0.5100000075587406
940 0.28000001647943834
1819 0.2700000177390003
901 0.22000002610229083
1035 0.3000000149572626
1536 0.300000015000106
672 0.24000002163738035
1691 0.03002602189510713
179 0.0600020291835289
341 0.04000909258372621
1483 0.10000028836025325
1054 0.13000012364343358
810 2.597308502600912e-05
1663 0.3300000128430587
155 0.2400000217052609
411 0.05000412727744625
1662 0.17000005213249952
778 0.0001320711150886479
934 0.1400000972623962
659 0.03002602924666263
987 0.12000015994195282
189 0.2100000294472972
435 0.3300000130956215
1569 0.33000001278030916
70 0.2300000236131691
1420 0.3700000112870984
1287 0.3300000128640089
815 0.13000012382942044
1605 0.7500000050325121
1189 0.01085435311137763
450 0.680000005744229
564 0.29000001543467596
466 0.28000001687147585
1132 0.15000007813711752
589 0.12000016019666444
602 0.2600000189369438
277 0.3100000142637347
1150 0.370000010829151
1142 0.6100000060604525
1458 0.25000001995028964
1451 0.43000000893597146
576 6.278448465846242e-07
1936 0.16000006302664146
1068 0.2600000186051489
989 0.3000000148293415
772 0.310000013967789
25 0.21000002887159752
347 0.3300000129269621
571 0.28000001641512773
529 0.3300000128221254
1110 0.12000016008131456
1558 0.290000015711742
425 0.33000001305334586
1917 0.17000005210570046
1264 0.15000007775176602
1832 0.22000002615040867
554 0.2600000187808795
108 0.2000000331636802
1863 0.15000007828146797
869 0.30000001519425856
1672 0.06000203234274135
634 0.2500000199944413
1694 0.18000004408342754
269 0.2900000154558267
958 0.520000007441139
385 0.22000002627236595
1487 0.24000002172800886
270 0.1700000521869743
278 0.060002029300181975
1166 0.03002602567077683
1168 0.12000015976384526
1982 0.19000003781467734
217 0.15000007787247238
1955 0.08000063555442302
632 0.06000203045012564
1370 0.2200000258902755
48 0.24000002150323385
944 0.37000001109906533
1215 0.2300000235901547
1851 0.3200000133655045
1538 0.2600000187808795
707 0.21000002929093686
1748 0.22000002654972767
1867 0.08000063498844794
1807 0.12000016036513096
1026 0.08000063421073145
871 0.26000001849668236
586 0.35000001169436534
608 0.25000001986258036
624 0.15000007806800236
518 0.3800000106108232
857 0.32000001347051243
729 0.1600000633126791
1078 0.19000003803864968
