kro
1024
uniform_structure0-01
400
1962 0.38000001751561163
1502 6.182095779183605e-07
1344 8.69142090936803e-08
1291 0.00019121351548196915
1872 0.370000017999157
563 0.179999547430467
703 0.04536222276789471
543 0.33000001966490616
944 0.14268156780853788
1546 0.040000157844448075
621 0.2600000247020518
1457 0.17731900093621109
254 0.010003039172264317
1719 0.17731802398870414
353 0.3873189677985831
33 0.07000008508425104
460 0.01000301569475039
810 0.08000056899138679
1019 0.025362332514389813
529 2.4751224437184055e-06
1778 0.25000002626913653
1381 4.045453100287588e-08
60 0.41000001579127493
1566 0.3953635527584444
719 0.19000003359106088
1912 0.08000006130100587
1760 1.1228176326205652e-07
3 3.0219642292040466e-06
876 0.2300000283559856
1 0.24000002719411265
1373 0.060000100561282674
902 0.21731801737829726
256 0.19731850843154064
785 3.631694155611931e-07
1369 4.037104114895662e-08
1704 0.2580431760645694
1627 0.08000007605894323
132 0.027319241151555203
1575 0.1800000207959278
664 0.11000005652839144
1693 0.07000008749786991
180 0.17000003783650872
1218 0.08195502101805958
1022 0.010003031202029332
1505 2.3027642626072264e-08
1411 3.629984598891786e-06
766 4.2006730122112756e-08
1359 0.10999956627833002
1342 0.1600000396457944
103 0.09731899990866572
1516 0.17999954701435358
1367 0.2526825110764487
546 0.37000001753997064
1557 0.059999606307970375
1867 0.046592485976056565
1844 0.030000756291669112
1913 0.029999704885774237
495 0.10268159874231937
1538 0.2600000242054205
1307 1.8567010450637467e-07
715 0.2700000238104666
850 0.09000055846310166
130 2.1548117292574664e-07
927 0.05000010665141115
1396 0.050000123393001576
1044 1.0129570721106873e-07
1605 5.1927646030347496e-08
1587 0.060000101588777555
63 0.15000004211533233
1378 0.04268218043404922
384 0.00019848908310511832
1167 0.2300000284402312
641 0.16463699004699706
226 0.11536164786046431
580 0.20731898057248788
531 3.1382546634550063e-06
1684 0.21000003047267257
1565 0.26268154844263525
282 0.11000005699798358
357 0.16536213703808078
1504 6.685897695271614e-07
534 0.08731853129466667
1087 0.052681642723476294
233 0.28000005113154747
1242 0.3000000214616438
1522 7.666995875676985e-08
456 7.980668147167247e-08
668 0.5100000127209525
1078 0.3146369727178865
1898 0.34000001848483574
1711 2.9199705300318735e-06
1177 0.18999957240941193
363 6.416089211314091e-08
663 0.16000003955250727
77 0.11463651679281388
585 0.1800000349358739
155 0.08000007640975235
1814 0.1800000358937861
1067 0.270000023820421
1652 0.2700000238403317
1901 0.23000051662683316
244 0.07268160885675756
644 0.23000002788525434
594 0.3000000219845069
1938 0.3000000214666305
1213 0.024637229057231223
911 0.18000003542195459
697 1.5766382711196458e-07
988 0.4000000167307061
342 0.480000013492776
1720 0.28268154623531017
873 0.20000003191292404
447 0.07536219042485566
896 0.0273187260334068
798 0.0873185453382409
939 0.16000003963598994
443 0.43000001561551665
953 0.1146374820497414
1234 0.09000006833767386
678 0.08000007641936767
1071 0.0009985462250732022
345 0.4900000132599883
422 0.11000005506589569
1383 0.2300000284055369
800 0.02999974403124863
540 0.055362200745207105
469 2.2185461352394742e-07
895 0.07000008701055326
1317 0.5173184752930039
351 4.8113575651376195e-08
858 0.14268156830481216
1279 0.4100000158413447
646 0.19000003406396287
27 0.12000005207461374
672 0.09268111398027515
623 0.5200000124736428
1511 0.1399995839856654
1181 0.15000002747623234
126 0.2273185047836206
177 6.123013751579975e-08
397 1.7997771027677967e-07
1623 0.34000001901848664
335 0.22000002959750886
1534 0.5300000128766219
1811 0.20000003203640118
1508 0.3500000190077365
1061 0.020000470080697354
1881 1.5561659858637222e-07
1607 2.9281227287448336e-06
1450 0.07000104459316428
478 0.1300000620240775
1688 6.256049840669409e-08
748 0.12000005205016816
847 0.015362753427328827
370 0.06000010203923483
68 0.14000004552269898
1194 0.19000003356146733
106 0.160000039089089
1179 0.16000003958691425
905 0.09000006833767386
1086 2.691716840599878e-07
770 0.03000075491283961
123 0.14000004445685751
1172 4.331456909811848e-08
685 0.19000001950897089
1246 0.07927397482750266
336 0.21000003093237218
1160 0.3700005059661033
579 3.0321997502458925e-06
1578 4.691353235330986e-07
73 0.1499990651689579
1540 4.61244228644464e-08
1784 0.25000002577277214
330 0.22268154027112813
306 2.809087018551537e-08
933 0.19000003352199363
601 0.4300000151255834
1266 4.6997916167135223e-07
1296 0.039999652392658076
806 4.202440626044357e-08
1843 0.21000002992919428
733 0.0009972920732137884
843 0.22000002905796345
266 0.10000006186391201
391 3.629235966461433e-06
441 0.33731898271005606
1293 4.697627227732981e-07
455 0.09268111392135767
1961 0.17731898621333905
524 0.07000058015418688
881 0.11000005598614782
365 0.1673185129185041
1033 8.037352607070947e-08
1788 0.04731908652027432
1429 4.488220953224875e-08
1604 3.970416581622338e-08
1143 0.09731804846913157
1094 0.09268157720168584
146 0.24000002677254545
1558 0.0009977499887442074
1270 0.14000004496005608
1327 0.17268156085147096
1714 0.11000053114374322
867 0.17999956060697586
169 0.11268252969195074
758 0.020000469354277444
537 0.030000227254904425
222 0.0700000870014432
551 0.32731849588100764
1249 2.468810091188836e-06
1009 0.05000012290893951
1402 4.6819519982505e-07
1892 0.3200000207444671
195 0.23000002789021373
148 0.07000008615144859
1822 0.0009992845356070316
890 0.25000002624926404
1103 0.11999956264589476
1119 0.6000000120168872
401 0.23000002837084946
32 0.06000010064508959
1662 0.014638519487751559
525 0.12731899956100964
1127 0.004676435215304068
909 4.480978926801882e-08
359 0.060000101541024455
1632 0.12000005161185405
1592 0.437318965369652
141 0.11000005648922806
61 0.08000007743925217
879 0.08000007647769211
938 0.08268159862589933
1426 0.060000101102728215
1948 0.20268155506445396
480 0.18000003533825185
964 0.23536212638825976
309 1.8590201885521074e-07
1943 0.20000001838527215
350 0.08000056759039385
1079 0.1900000330692703
626 0.19268157069874028
1476 0.25000003966901146
1709 0.10731899516503192
386 0.28268154679095725
1054 0.15731900442043306
999 0.015362124964719587
1635 4.7915115014562915e-08
142 0.24000001270233934
1463 0.10000004741559801
1570 0.06000059698296624
813 3.0296055164580338e-06
793 4.813608409093284e-08
1823 0.07000059564530024
1920 0.04999963879773001
107 0.17000003735609004
1497 0.17000002432062516
58 0.4600000157098719
133 4.002582898454676e-08
948 8.691575172081745e-08
346 0.06731807077912783
519 0.16268107388017736
399 0.08731806832783666
1047 0.3126810576653251
1512 0.29000002278603243
1804 0.18000003537765713
1679 0.0009993111800539255
558 0.2700000234280451
1226 4.486724389241026e-08
1280 0.38000001700124875
1686 0.2700000248744681
159 0.2700000093368711
722 0.09731901449156104
1235 4.4690824735349466e-08
898 0.28000002252898365
517 0.4200000165147011
1545 0.09000006785204406
1939 0.02731874916822039
1075 0.000998566100970183
232 0.10536310724274903
1443 0.11536262686731301
554 0.4726815241459047
1717 0.10000006128146151
1109 3.6465301128663086e-07
208 0.055361706867568194
1238 0.042681674345056424
631 0.11268157962244253
1407 0.2700005119497021
1432 1.2268210599492013e-07
499 0.060000100577607074
1336 0.07731855410584323
1207 0.20000003149883652
576 0.1600000395770883
921 0.4500000149487158
1212 7.038970334813377e-06
998 0.46000001564973886
636 0.18000003536288348
1297 0.13000004832892703
1519 0.008047398834912017
671 0.12463700189353936
583 0.17000003741506256
129 0.08000006086014147
1448 0.3000000220343671
677 0.19000004718220545
248 0.07536122187212921
1325 0.09000006927421003
1202 0.23000002791005172
1454 0.3200005097472575
1001 5.472984414278681e-08
337 0.29000002172101974
287 5.8199170032922735e-05
692 5.190416185740787e-08
1241 8.607615643863031e-08
1702 0.01731905719683929
1404 0.09000006830339326
1949 0.3899995442923408
1659 0.15731899077478365
854 0.035362256475915496
72 1.1076013070598911e-07
30 0.26000003877744365
775 0.3200005082358692
1630 0.24000002725859257
1900 0.10000006140882153
341 0.290000022756127
303 0.25000002567337315
683 0.3900000031167057
1192 0.35000001851884344
76 0.11000005599105903
538 0.04731713639765418
260 0.02731926469209288
1083 0.4226815398155549
716 3.0257567657909074e-06
1445 0.02731924178491595
1361 0.3200000207145092
419 0.16000003953774733
1568 0.17268155976364258
1728 0.36000001848250096
891 3.0296055164580338e-06
153 0.13000004824592934
836 4.2188466220505205e-08
214 8.560111434963158e-08
457 0.45731897819864314
1324 0.33000001954500735
1974 0.09000006833277231
914 0.02804333306666467
1051 0.25000002573300706
883 0.2900000222484947
292 0.3400000195222115
1785 0.27000002431256864
1191 0.04731858696451346
1189 1.0520823434667648e-07
1068 0.09000006826918426
1585 5.4421524509074004e-08
1190 0.000994729054780291
589 0.05536269645474063
676 2.6867646261974354e-07
1667 0.17999954699970921
1771 0.09000009604127648
387 2.9260511597815897e-06
709 0.016086517652222063
600 0.09000006829850181
1140 0.3600000185375071
1347 0.1400000449943422
1744 8.695697123473067e-08
533 3.7765609494852526e-07
752 0.005396742277977087
1733 0.11731854325952207
918 0.020000469727731673
513 0.14000004497965746
856 0.07000008755508993
632 0.13000003456002399
1137 0.24000002723874933
1358 1.22761690722617e-07
1816 0.04731860297272323
776 3.0261663601389294e-06
869 1.6481991689520914e-07
1066 0.08000007594138034
361 0.050000622267827644
1123 0.0009992845356070327
1727 0.210000031006509
680 0.0900005590460092
823 0.1700000374248824
491 0.012683927791747965
724 0.3100000212986916
1831 0.0973185249031081
1928 0.020000469792579564
1986 0.06000010063081794
1451 0.06000010162192656
74 0.13463747381154653
743 0.5800000111888889
1848 0.1400000454982924
1542 5.0113493077486027e-08
1768 0.1200000924022433
1481 0.140000044510779
946 0.08463702324153533
1011 0.11536408276687317
782 0.02000043392532128
65 0.3600000185075017
283 0.19731898269982742
1277 0.2500000256534991
151 0.13000004782873045
