power768
768
uniform_structure0-01
100
266 0.060001003633846056
1015 0.040004325126614934
1723 0.1300003326962718
507 0.1200003622491734
601 0.19000022729486915
1187 0.0002756442680590925
468 0.12000258135363022
537 0.1375665758046406
928 0.028296874451559786
1506 0.16999994953745823
378 0.4300000982866843
502 0.2500001632075531
1334 0.23000017492908723
199 0.1000004496241391
1558 0.1558554835949234
1931 0.030005910066586358
688 0.29000015576851684
612 0.19000050764780438
63 0.15585475334097826
534 0.028296169093234253
588 0.13999985849126523
1235 0.1099996554128313
1725 0.2500001608344425
293 0.3300001400396568
1286 4.3384200566765063e-07
434 0.13000035655940903
1921 0.060001010473973264
1716 0.08000060361881296
1840 0.09585680347573554
1008 0.10000045093471872
225 0.13171047757633933
376 0.00027225878718535775
156 0.17171038172491657
898 0.24585611479608954
603 0.2400001880666711
1193 0.06414514460787797
1204 0.0007774858431742913
1092 0.14000030909329744
1199 0.11000040080995724
627 0.11585606158829437
715 6.077512896163206e-06
1475 0.06000335790229899
771 0.1341441724306408
641 2.5007131914014935e-05
395 0.09000051345139701
1231 0.13342227335158757
29 0.04000291001427909
1972 0.18000025005367726
1352 0.27000016187651776
618 0.1382886835654521
435 0.21000020868224345
276 0.21000048842741526
646 0.1200003666020886
464 0.16000027328446864
1032 0.10585564064617528
1795 0.20000050000587663
172 0.1699993711644454
609 0.14171014986339533
1171 0.18000024160082412
1760 0.07000100613921684
1005 0.06585635312888677
1549 0.07000112509296051
1320 0.001151701277353508
308 0.46000008848181684
384 0.2600001626810657
408 0.18414456477797714
1277 0.1900005035048491
160 0.0841456094283322
1312 0.15000027881210806
694 0.01423444607991321
1810 0.1082904453413108
234 5.810172908210509e-07
1867 0.15171100389338715
499 0.20000021143827468
328 0.1200003632930228
1534 0.027576937176250073
1067 0.0441469361581415
1744 0.060000228892786604
953 0.020025624225464143
907 0.15000029036267282
1127 0.1300003308885337
1240 0.31000013382628255
839 0.1200003545958443
1611 0.0005190459504038972
318 0.14000030347600237
830 0.060000749077616516
896 0.10000045269906921
1357 0.2600001591001308
1029 0.06414716032323724
541 0.15730090374574074
1056 0.15828965462180167
1673 0.030006710485512057
926 0.08414533900723423
1846 0.10585956032666687
985 0.1700002575973661
1543 0.1282903650343106
835 0.2099990185110631
956 0.2900001405592153
1373 0.19000022612935993
1396 0.15000102181739158
