power768
768
uniform_structure0-01
800
1820 0.13000864052177882
1693 0.11615705579716853
1307 0.3015275963050042
357 0.31615711119966244
53 0.02384395487764656
578 0.13000003565446552
1671 0.19384301084999098
735 0.18480881799563167
1177 0.09999995924678173
960 0.24000002168257673
766 0.3200000138603172
230 0.2185080791210933
799 0.08537054627408944
1889 0.25408609351179484
917 0.27152760109301244
788 0.17382458217130053
1141 0.2600000140050398
1602 0.23766749386864636
1123 0.026702410897426542
497 0.13670177899910124
1256 0.1599999384931374
1450 0.1448171851660142
730 0.22847243122705746
1690 0.220000019825208
503 0.24000001817532438
434 0.16561368462936552
561 0.16000002771119384
161 0.12000003921733027
1891 0.23000001933465075
973 0.0012606151192305329
1989 0.13616695141457155
821 0.10000005036485109
1049 0.34770302762749816
47 0.14000003235967914
1146 0.16000003083400416
777 0.0815276498812483
1402 0.1576761022716672
1055 0.010014088611040646
1249 0.27000001645902894
1588 0.09000005852357712
1073 0.2600000197372267
965 0.28848964024190626
1930 0.08000007009362821
318 0.1400000292541847
1920 0.25000001770668084
963 0.16000002769628752
95 0.17385153533983097
1833 0.1300000354187967
798 0.24000002149008484
278 0.08000006967604019
1222 0.04944690381672301
1687 0.26000010558426506
1038 0.1090257217217601
1096 0.33000861808503335
980 0.118668778143546
65 0.37384300016317007
659 0.20152761014655754
118 0.47385151719887186
1161 0.2661668452131122
1919 0.38767608583593405
1716 0.18328975882921542
416 0.27000001644210303
1943 0.1900000229908916
253 6.203608975130503e-08
834 0.1200086485501503
846 0.10714119873251356
881 0.3071412535827078
106 0.1686687641768037
207 0.04371220191948085
1165 0.14054468029927908
1888 0.09999995986126733
1676 0.22000001963469715
1831 0.037676252210672556
548 0.060000112118652825
1520 0.16410313743666713
767 5.082036109715915e-07
547 0.2861485047093731
525 0.2900000149911157
1144 4.996990697683779e-07
320 0.39848103187803646
58 0.31438635394091485
866 0.07285893700161286
1532 0.12057042684760465
1626 0.11000004274643135
1546 0.20000002198687306
590 0.3800000118021906
1583 0.13042240501714944
1035 0.2100000209445961
739 0.25768469552653894
1094 0.2528673923729925
832 0.12030031537994626
867 0.2900000149979768
1935 0.12151910457119063
1098 0.3461485087372542
332 0.050000260715671166
837 0.20822082611383333
1651 0.1079461533821294
472 0.16517419043674778
1379 0.2560715073669403
1950 0.1115191098173456
631 8.798966746395576e-07
1415 0.22000001965712715
473 0.17000002612023016
1603 0.18000002454556555
716 0.19999993286207404
702 0.14999994051187587
1737 0.2600000168398062
1665 0.12848088046692252
1153 0.1409926987949177
94 0.37286737486227994
338 0.12384302629559484
1238 0.20385152904578804
1628 0.17000002608589995
544 1.6175655992434201e-07
8 0.0286692855934843
1816 0.21866875840260233
365 0.3399999242665523
1946 0.29615702670966754
1228 0.030000493160413377
571 0.23000001894850322
1670 0.13000003542767427
616 0.12000003891701605
1180 0.3700000123311591
1445 0.21000002075861382
1791 0.18000862943383986
305 0.2100000207421935
554 0.14560508307998507
477 0.17000002551783633
1960 0.3290072669115571
1210 0.2922016617407785
408 0.16000002770458507
1244 0.18000011326586757
957 0.09000005834286934
1021 0.16000002769986071
1388 0.1800000243505468
355 1.7013866693282864e-06
372 0.06030039092576921
108 0.1700000258993373
1233 0.19002696735881594
1885 0.2000086300875662
1279 0.08437788628229002
146 0.23000001914293047
1801 0.23714117211423535
694 0.11670177992078579
1674 0.23000001587057137
908 0.08616568325195229
758 0.22000002001288566
61 0.3276760875476244
438 0.008494301384863144
265 0.17333833678545776
1178 0.023647390310911696
325 0.4000000114597564
1611 0.20000002471905817
150 0.2951741825232304
24 0.03000049671812366
1319 0.22000001671864122
397 0.3200001024921503
486 0.2534035058397674
552 0.05328977763341185
886 0.2434108167514693
289 0.4628674672503324
83 0.2684724346770349
1754 0.04561374586808924
1633 0.14000003213122267
1694 0.06670184146158045
1189 0.19000002298111252
760 0.1138515494305908
833 0.18232395014849923
308 0.38000001201509326
1584 0.09328979049138751
1887 0.050758361345334645
114 0.09000005844492959
934 0.07000008590660316
634 0.1881424648081685
1183 0.22000001981539605
1270 0.0646296116472183
1224 0.2200086279075346
470 0.04152782480096192
533 0.2132982747298938
1883 0.11999994911317466
389 0.17000002240880965
1101 0.12000003945644637
1518 0.1143862908447682
1502 0.190000022992932
258 0.23152760050301857
594 0.09761069309829068
443 0.15000003002893883
350 7.380821633040657e-08
304 0.0999999568394488
40 0.09133984035445349
327 0.4400000105231157
55 0.14348608963981974
785 0.014634255729357266
480 0.1300000354207588
326 0.26000001664638434
1643 0.16903301464531037
691 0.24232394418325395
259 0.05562230637500459
696 0.05000015258473961
1735 0.35000000947353715
545 0.20616556805976283
627 0.14285887531758043
311 0.2261485085517188
1351 0.21562220004703125
812 0.16000002770065827
1948 0.00043900387484168465
520 0.19000002667957497
896 0.14000003545851175
557 0.20000002161810884
1708 0.1600086329164204
820 0.3971412507015532
1209 0.31151907946974067
1757 0.2699914050362618
92 0.22000001960840046
112 0.21793760061877016
49 0.23151908423539694
1828 0.12000004252493493
1318 0.29303813949808605
1622 0.049091180474224484
206 8.698063666545686e-08
925 0.13616573369564536
1551 0.21999993132573833
1457 0.4100000145006103
441 0.15000002961704126
1155 0.17232395143005758
796 0.08329831929806833
1217 0.32384291279696314
1548 0.07000008643710369
1242 0.07480877819132913
749 0.3961571085029934
151 0.06999156707432981
660 0.21000001749127284
1813 0.0800000695246259
608 0.2600000168590694
1742 0.13000003566164461
452 0.25847244204291747
1114 0.07000008625176357
115 0.03614879359173413
1529 0.2300086238720324
1680 0.3671412485375628
580 0.25000001729893845
478 0.27384291880433426
1724 0.19000002283098055
549 0.13614852253851167
1383 0.08000006989439887
725 0.5100000971765125
1147 0.1436466163241669
1686 0.3700000125592991
1912 2.423422297271466e-06
1897 0.15288573052373236
1358 3.1360269880931213e-07
38 0.23000001857331984
1201 0.060000110864607166
1894 0.09922204548537006
1185 0.016704673638735436
26 0.23328975069218336
517 0.19465648552503523
360 0.14866025877610858
1947 0.06670183821127901
104 0.11000004393903284
1591 0.18999141505042264
1090 0.2800000159050471
1293 0.23000001897295105
138 0.42328974242255457
1121 0.1771411783362313
1032 0.04385151207302218
1432 0.3100000144857536
1151 0.12428243360709743
467 0.30000001473804505
564 0.14919508090489927
1982 0.31714116776753354
175 0.37000001230728896
994 0.23767609261417724
1802 0.22151056268542915
1733 0.13571755144588332
1195 0.4100000109647616
1342 0.3584895550745874
1247 0.28000001571226263
1460 0.3376674856256471
1302 0.14019635219797202
979 0.2848173323824721
728 0.24000001822685024
110 0.3575721437739471
1397 0.12000003944377922
858 0.1476761047012843
1113 0.10926888905036677
1959 0.060544753426206216
1326 0.168472444360265
1494 0.39767608226720647
852 0.02001047152634604
1641 0.43000001049045183
530 0.23000001897048764
1582 0.11822937732111248
1765 0.17000002588920518
1772 0.33000001343782653
1579 0.23000001590301802
1069 0.026166398335330025
79 1.6831935042566082e-06
669 0.2994650944955274
1841 0.34000001306712313
1715 0.18999141488096932
1631 0.06286746909110577
1555 0.21000001417804826
1463 0.1632897684632152
1949 0.08000006948845981
663 0.04671906852445704
1910 0.1700000323164247
459 0.16000002790868437
1705 0.09096586740344165
1510 0.12000003917770788
33 0.28614868253924847
1403 2.5162118139770984e-07
1981 0.7900000945873864
142 0.2832897538706709
1120 0.07573480672189413
23 0.2246564824244363
267 0.20561367936463706
147 0.07462098159617606
91 0.20561368204980804
283 0.1543948866682279
212 0.16519131530298278
1154 0.33248480535883573
587 0.03438670291198623
153 0.4000000109847113
198 0.020001674633484734
1418 0.05152774299533967
1607 0.2700000162480788
610 0.04000025244277833
116 0.23822082943779765
1840 0.11943826066544254
897 0.24614850747186062
1565 0.4032982654464481
1061 0.2200000198227424
181 0.2200000199786464
841 0.020001664577480167
1354 0.12767611039105525
121 0.3399914024256424
1444 0.1846564870534728
1525 0.0848173844972994
1958 0.27000001973279425
391 0.18428242014211657
1497 0.08481738736090084
352 0.35767608673049067
395 0.20999993226313582
763 0.3604223820055037
1110 7.009471157670699e-08
1462 0.28286737790572863
865 0.20151899838915793
1729 0.18847253046278414
555 0.3036465976761201
1163 0.0004479566166380347
1315 0.23935986016800948
822 0.19000001990532514
170 0.23000001876587584
862 0.2199999311247785
271 0.08561372042692793
613 0.1944429394745236
451 0.07000008519634168
1768 0.3384810330415164
204 0.08767613204815447
958 0.1184724579702927
819 0.38444292889325277
1800 0.14151909791925973
1711 0.27590542082545544
1479 0.29000001541355275
1506 0.2815104758705026
1536 0.10384303546659222
392 0.4000000114705255
1609 0.222323856882934
1438 0.32518269739623823
1961 0.34232393899230895
516 0.30328966093847887
612 0.204817341053126
1880 0.2094382480943334
1205 0.168472441055989
208 0.27000001952421343
522 0.21767609736917973
903 0.3300000136799729
1020 0.21768470211362695
0 0.02616640040880595
673 0.11286741175366807
1281 0.23615702716959835
1516 0.2623239394041926
1375 0.04000025397537334
1215 0.2484724359195316
1702 0.18000002435649043
36 0.04383328837550748
502 0.2700000162360893
559 0.1000085665113648
432 0.08030034370673832
1359 0.33616562987374204
534 0.11767602781557612
1024 0.087667531319594
1353 0.10999995441177546
1394 0.10999152813656803
1590 0.005812765556429825
1478 0.1967017683110684
1480 0.1600000279021147
966 0.05481745826976969
978 0.1721190162072539
367 0.4838429125132476
1527 0.2556136714111135
1829 0.22848955840981516
1011 0.14000002548915647
518 0.010013905772109798
485 0.10384174226835055
1701 0.0035606055133291016
1581 0.15615712619174152
482 0.23000001913552928
1867 0.1684895653376782
1495 0.2504223838190729
935 0.02562310052265027
464 0.38000001178060117
159 0.13000003542767427
713 0.18999141486966345
1045 0.5600000081589406
1424 0.2700000162360893
1839 0.1300000354126978
1738 0.25000002364678797
606 0.36000001218404054
1835 0.30000001801553194
1783 0.4200000072171768
633 0.31561367179307254
274 0.41000001098836947
336 0.02152041935872241
1381 0.17535207809695902
1179 0.18519131526679225
187 0.10671022351051579
78 0.20000002199137049
1236 0.28847252229975195
946 0.30000001472220506
1008 0.23000001916527943
1875 0.06329835640023053
568 0.0823239950399937
52 0.06000012195450629
1083 0.04000024950028765
377 0.21152760521221997
448 0.08328979850362575
269 0.09767612912443334
172 0.2115190794793192
14 0.26847243465804693
1639 0.39428240788286856
875 0.240000018404589
909 0.3100000140869654
1264 0.050000057492787964
857 0.216157197092489
1310 0.19000002280647812
982 0.32285033767307136
1080 0.11000004398592303
28 0.13573476193062525
324 0.16000002770065827
260 0.13670177899910124
1990 0.04000025439383777
1190 0.2400000214827111
1552 0.0600001123715588
396 0.09767613287573161
1476 0.12999985955683688
1401 0.36000001239622187
307 0.2505914272951519
1979 0.10000004982582672
74 0.20797627249756837
1871 0.4900000092694587
1554 0.17000002593807367
202 1.9362628039809593e-07
234 0.01153720757841167
907 0.1171412804068411
1743 0.4028502437013491
623 3.350115404185394e-07
1669 0.29438635436373206
1405 0.2699999308268628
1258 0.13000003542289323
1975 0.3900085279574918
50 0.3076759971162679
1475 0.06465656679193826
856 0.2999999293307852
1914 0.2532897457963237
888 0.21000853663354668
439 0.32000862173885064
64 0.3476760961765359
193 0.1815190006297082
285 0.18866875502726244
1254 0.17999141306979347
331 0.19000002280243058
1459 0.38000001180646975
243 0.00012365303043741522
171 0.17000002609147202
1290 0.28151908115362173
1343 0.251518993973933
1535 0.13000863454474906
1928 0.07670172977359305
1758 0.1514236651418003
180 0.22000001979615977
1531 0.570000005040496
1309 0.1312272640536557
528 0.16286738965054426
824 0.13750664055150355
69 0.3700000120968137
373 0.13000864121854935
343 0.33315895798932327
1827 0.4061485009006133
27 0.1376761102613514
889 0.0900000681976307
1361 0.2415189946633774
133 0.14847253411926714
1691 0.14744145639232253
1627 0.15000003003146042
921 0.1700000222056822
1781 0.4399999187085886
1149 0.17328967472271317
1134 0.05328135745390143
1822 0.12177922636199592
213 0.30000001472448296
103 0.06328983797485337
75 0.11614852985878338
1509 0.22517418015516355
229 0.16999993718668735
764 0.09385156625769556
976 0.25000001747232903
1065 0.24465648082403632
984 0.2628673790465175
504 0.10614853509502023
1610 0.06328983783239553
1406 0.13339491661668015
1790 0.250000017684552
1931 1.1780350314682941e-07
577 0.014661273876774713
1078 0.47518278119110474
1321 0.047676252564295286
1868 0.1976760961463397
929 0.10848958414198594
1730 0.29328974679733055
943 0.1300000518387301
88 0.003565778627302934
457 0.12340223795827701
507 0.23000001875153903
879 0.23767609262161668
920 0.23328966828026498
169 0.3031288956237405
495 0.14000003213367732
1944 0.16000002790327925
1054 0.2200000163405755
1621 0.12797629659060494
1412 0.11151910924127109
286 0.17000002919435503
1748 0.16000002750583633
1485 0.43714117379087686
1410 2.626831511684524e-07
1128 0.20080488456384027
119 6.753573039038063e-07
1857 0.03000049981737964
575 0.06619265606252125
276 0.2500000177115735
688 0.28000001567436605
668 0.12000003919218502
3 0.0323243428461912
745 0.10000004978880207
1817 0.1323239604925913
964 0.23000001895092995
405 0.19303815381661035
736 0.09000005828578397
1458 0.24000001492423295
974 0.07947366789755815
1826 0.1943863619612601
42 0.0012649780218876145
887 0.35385151999653974
1043 0.1428588753199403
1288 0.2600000168349657
1148 0.5200000087461497
1905 0.14000003167536337
1573 0.3505433640190927
322 0.12615713455136038
149 0.4000000112447082
1709 0.15328967809730681
1878 0.19847244025652977
1523 0.14000003235827996
1634 0.07328981862824109
251 0.05920369348624023
558 0.08151912832436423
56 0.13000003898403328
1996 0.31848955326285094
113 0.26000001665353506
428 0.04232295631602473
1939 0.20999149520957577
734 0.3015190801361182
1803 0.05847254075267205
1753 0.08000006977933216
868 0.26286737883251104
1736 0.2800000091576187
1780 0.240000018407071
1797 0.08151894809843781
1993 0.16000002770152896
1328 0.16385162722871333
1028 0.4200000107157513
1796 0.0400002521644529
778 0.07328981611815319
1926 0.10030032332776667
199 0.1000000498467911
1907 0.07813397675609648
1983 0.18000002766645984
1352 0.3332897483615552
595 0.13670169259457077
218 0.1761656447940636
182 0.033851885480115
1745 0.13232395717264658
1739 0.03465683939355354
1301 0.17615711611822454
1484 0.0900000618400612
317 0.033290111093743205
1252 0.006218939458402268
375 0.20232394750448834
1023 0.16285879107354811
7 0.27000001623127023
319 0.2238344918641289
950 0.11867738699083989
1044 0.1900000228171344
363 0.36151908107902064
584 0.16000003102109095
1272 0.060000112426077785
863 0.16000002443023653
246 0.11480892296413786
1200 0.17000002609299783
1722 0.08000006960649454
569 0.21000871430420684
287 0.29438635437083804
1911 0.08943828167653407
1443 0.1800000243380992
1000 0.19847235191232265
37 0.15080497543172283
670 0.18770305125683476
1695 0.1328587951634969
1454 0.16000002770349184
1218 0.20518270443504655
1365 0.05615722955183766
1344 0.12903301828326008
1945 0.23436932232397906
323 0.34000001307159744
512 0.06385161341557079
1707 0.11000013449373784
1808 0.11428243816499926
1976 0.2100000207421935
1856 0.040000253004229186
1386 0.1100000406972813
1072 0.0856221507572142
911 0.1600000279021147
919 0.304386353918852
1759 0.23768461467744137
1874 0.3021190062587678
842 0.020423847382570876
1824 0.12000004174797728
407 0.17000002239914974
1973 0.20999141268863175
1421 0.3167017627816833
295 0.09847246568771785
1624 0.05919525951051021
1355 0.20615703284282147
1276 0.1790428269556608
1411 0.1900000233733057
239 0.29000001213490123
995 0.34000001311543543
86 0.17000002572729525
1103 0.2500000174942668
526 0.0700000836107841
1416 0.12797638629199629
1696 0.1200000422753374
665 0.11152762849414781
1380 0.4200000145063476
1333 0.14000003235827996
1672 0.18000002434864804
1364 0.16000002769790206
1679 0.17670177056291209
1216 0.20714117784373057
1642 0.19767600991463544
1399 9.57496205419156e-06
499 0.23670176359276054
1440 0.0820623920477846
695 0.2071411743239658
67 0.2615276045866521
599 0.09999996304874925
603 0.2100000207491524
12 0.04152782500499754
141 0.26232393670500076
791 0.11537061835384438
1261 0.14000003278574932
1108 0.11000004397947395
1052 5.5486023498030335e-08
1389 0.1323239602741202
1142 0.1287898481777018
249 0.3815190640924337
1761 0.25000001769194846
1843 0.22573474662490003
1717 0.09328978407152266
624 0.1300000354187967
423 0.30000010386484455
1427 0.10848105878356186
727 0.30438635393034
87 0.001261224643314854
1382 0.12000864830319552
726 0.1367017756924006
641 0.09000005487245308
1994 0.3123239436262094
412 0.19000002301030644
1515 0.31000000793190785
1439 1.4162220667718328e-07
1025 0.08328980409869798
1508 0.07000008536270952
1145 0.16000003100642846
638 0.29000001541355275
1422 0.09329830931763304
284 0.11285888645842873
1586 0.022325060956865612
1278 0.06000010893753469
1037 0.10135826186275589
131 0.15000003003015522
639 0.26670176238043247
1437 0.05000015810560097
1585 0.060000111723480694
986 0.3300000134445918
1713 0.11615704915067895
1837 0.07614856744621387
1441 0.30000001491687833
511 0.3600000124005986
644 0.16151909305668521
1999 0.08000006871097451
445 0.07000869772151949
1697 0.09385156289990537
671 0.3700000120728856
1955 0.03891206836031488
1576 0.36000001239183155
306 0.38000001250845566
429 0.09000005834286934
1267 0.3432896598374013
1105 0.040562028586333086
682 0.10286740451603842
1330 0.030000500275983475
1903 0.07465654273634924
1963 0.020001680225792594
39 0.12000003921733027
1522 0.16000011403095615
1013 0.2200000197890737
191 0.1656793913820578
1587 0.2100000211323867
1589 0.0918844836045041
1026 0.06999157047831878
967 0.08151913849375331
1951 0.030000490165262114
687 0.2500000176796101
949 0.3132897433096105
563 0.29328966143672985
1053 0.24151908077103648
620 0.28188324543314186
344 0.12000004173606436
1625 5.0315120972421745e-08
57 0.18211910424475616
16 0.130000032316279
583 0.19000002281064737
368 0.19847244027004504
35 0.10000005003766135
1041 0.11211903267142327
1630 0.2600000168470487
456 0.04438654114726325
1632 0.14999994402602554
1785 0.21694485611363754
579 0.12438638010725742
280 0.17384301405734853
1792 0.1382293571945507
1393 0.22000001979142816
444 0.22481733909335874
827 0.2271411730823902
1059 0.17848956429210389
654 0.14151909770497678
225 0.08847238625808299
275 0.019223861034719868
996 0.12822084452756274
134 0.0700000859691355
282 0.2200000203894022
729 0.0917621175953624
742 0.17847244244836621
1282 0.07714122216590533
991 0.1828502584922397
1486 0.11000004424971069
1544 0.03000915626608295
789 0.1700000258978817
1014 0.15517419605767316
1564 0.11999994344569553
1091 0.12924314455746297
761 0.260000016827687
849 0.15000002961423264
622 0.08000006972619476
349 0.3276760024486536
1936 0.29999140661769746
1519 0.3038244896539806
261 0.18517419071127825
1283 0.22000002001288566
342 0.1800000245682684
628 0.40000001147267117
384 0.2361571159355682
1675 0.2000000217995893
718 3.8532490836962197e-08
1169 0.22054467149204843
1168 1.6949297330336177e-06
