kro
1024
uniform_structure0-01
1600
1266 2.3782021433341183e-06
1114 0.27000015189128823
260 0.22000018840584942
262 0.20000020335142718
966 0.41998489789430526
1880 0.16000025297958337
651 0.3200001274198815
1164 0.041383693389564276
511 0.2400001717421514
690 0.2100001954335555
583 0.12212058803034233
1629 0.05788043867437352
1149 0.1600002561424516
1097 0.050000816504807706
1853 0.1800002269889784
1382 0.18000022698038115
45 8.231477694672917e-07
1305 0.12000033952419341
40 0.15210533710296525
353 0.26000012901397795
1608 0.06569193754993362
426 1.8654767330816835e-05
404 3.2728361126777017e-07
1251 1.5101653709354013e-06
1380 0.020003128433089566
759 0.21001540051925716
1182 0.3400001215158574
158 4.0549340342421747e-07
377 0.3621885204252248
572 0.07000058253233793
972 0.12000033610371133
969 0.26212040988908425
627 0.4200001301620922
1559 0.2800001510412177
1619 0.5700000755495529
1423 0.110015556306762
946 0.009998605187961229
24 0.2900001461183458
411 0.16000025286340247
7 0.13570682815554153
329 0.00011199277676545317
1477 0.38000011048022886
671 5.184057399604258e-07
1012 0.21787993899514463
1139 0.18357134721171706
1442 0.17000020823740103
1101 0.019987257770250802
1502 0.11210542960471612
1053 1.2335334286170396e-06
1792 0.31000013719990116
1979 0.04781248861070012
1395 2.713893459682648e-07
703 0.1900002120339258
618 0.2400153775554787
97 0.13000031044683932
483 1.675266146361487e-07
604 0.18000022860570208
1903 0.10000040314135313
337 0.2700001534273416
475 2.404872043448858e-07
1849 0.3200001302125832
1483 0.28789506996618786
1603 0.08000050884729144
1693 0.16000025282725042
1414 0.2300001805923423
1476 0.27429362837731835
1188 2.9441656665407656e-07
1789 0.010018560511588573
1019 0.03998571675559231
1058 0.23000017282006296
1901 0.19000021841584694
1015 0.0800005048680386
580 0.1778799793365946
215 1.502697320351215e-06
1799 0.08000050705042784
968 0.20000020650516556
47 0.21212047346319973
318 7.536329715146506e-07
959 0.08000053780352574
155 0.1700002399402304
595 0.012131604223949327
1135 0.15210534216866123
296 1.7970115542831344e-07
1547 0.07000058053572754
134 0.21998497931614672
1578 5.058890401865579e-07
1957 0.13430895301394716
273 0.020003062180608374
840 0.28570663781032635
1687 0.0014165603055263532
57 0.054294179182586215
279 7.316476731134003e-07
513 0.06000067115931592
325 0.02998604996207973
1328 0.001416545507956317
398 0.11998515633751097
1090 0.18861752178795052
127 3.1144476911326713e-07
53 0.3900001062834422
1275 0.17779665139609124
1740 0.18000022695439774
203 0.07791066287196015
663 0.25000016513397494
1112 0.23000017904626338
558 0.375805133213438
1315 0.32000013027614166
156 0.12000030589377175
1926 2.0515269955057036e-07
227 0.1400002884449939
619 0.2700001518828695
1759 0.05998546085628486
31 3.3609242271193107e-07
41 0.13218870599391788
405 0.020003082443777947
757 0.14000029021169594
1179 0.19000021531801192
1220 3.377251140967985e-07
543 0.11000036443772893
1738 0.04000104237842095
1320 0.13000028535700273
152 0.050000822487400204
1428 0.11430900536671948
16 0.020003062726758728
18 0.04000104684733564
593 0.600000070499838
1230 0.08430913148449877
1535 3.4980143594209867e-07
1750 0.20000020651289732
1643 0.06210570581825091
835 0.12567645398225458
1416 0.21000019392429453
815 2.1364848657619284e-06
1215 0.07000058051437072
967 0.1800002269717521
1922 0.030001496693464455
902 0.16000025296183257
323 0.10210546697533329
368 3.3887892061934544e-07
1771 0.11210543166921644
1357 0.27791030575304737
888 1.4984775240610426e-06
828 0.18000022846329966
1743 0.12000033601965905
1642 0.09569177088367839
596 8.291249477751506e-07
928 0.06000067988700587
332 0.20212045418812422
1089 0.08560846339002288
1347 0.15791036249960466
499 0.07000058057470349
1667 0.2542936410643842
1959 0.3000001387267145
665 7.324446956585851e-07
1650 0.1500002696112279
1813 0.36000011894909445
987 0.21000019544202242
190 0.36000011630981776
526 0.1500002996730769
953 0.029986096844152835
225 0.32001533749721267
1954 0.1700002399225484
908 0.010039014879316322
79 0.22430877710860186
1264 0.08429396741560082
906 0.34430877641355434
872 0.021385212310981207
1231 2.489446737363732e-07
898 0.1556916107423834
964 0.30569148251581574
661 0.0014135827330723563
1896 3.731632872031043e-05
1478 7.891567421758339e-07
1383 0.19000018677824773
1591 0.2577965520975744
1449 0.4000000791005595
372 1.8660461928970973e-05
1401 0.1600002511130134
415 0.020003076499308763
1544 0.18569156940775813
299 0.10998520189728168
1811 0.07000060376589622
891 0.0300015101805008
154 8.224180993998687e-07
1272 0.2600001576043945
1067 0.18220380100186045
1818 0.11000036844611165
922 0.22429366267387846
283 0.2556610991030585
1742 0.22220379407000393
1177 0.20000020350203176
569 0.19000021536964704
1281 3.101201205557569e-07
1075 1.032979130892453e-06
1232 0.22000018382702016
1194 0.0800005070048588
1854 0.07000058064564861
1930 0.07430919730934929
197 0.120000337818443
1448 0.420000100092612
1626 0.04000105021622594
763 0.1700002382110423
1099 0.31000013432080636
1741 0.2100001953819129
621 0.1543089161847299
796 0.01001855554250038
990 3.0808711243453246e-06
889 0.020003062524350468
983 0.23000017750678223
213 0.10000040510921625
1968 0.557895030591489
223 0.29000017047954496
1604 3.6663366349831694e-07
1751 0.03220515928758444
1925 0.16000025760323822
1654 0.21569153956633108
883 0.3000001371777423
1932 0.2621052361891644
629 0.2300001520179783
1534 0.24000017197989623
162 8.064189495338159e-07
864 0.07000061179888717
454 3.0761797185363537e-06
277 5.803529802839158e-07
430 1.7197774465627091e-07
1765 0.24000017184961367
1056 0.0014138686118383074
1301 0.25000013518010883
1821 3.021815829229446e-07
467 2.599738333278895e-06
396 0.01001835823225965
1686 0.12998510018706141
43 2.9001061946365425e-07
1866 0.05212105980682508
859 0.2800001181165949
1914 0.16000025460023365
257 1.9510419038424112e-05
1041 3.9770327989185894e-07
347 3.22614104708574e-07
1998 0.13000031211613
319 0.020003076480898215
214 1.8544212328644796e-05
1934 0.3500001194611714
1352 2.61770338655376e-07
374 0.02788132959952505
1509 6.349336875016709e-07
1911 0.050000816631842485
963 0.30641383377963877
847 8.223736643053758e-07
713 0.14641394417438972
1368 0.3100001356596521
3 0.15220387871065885
1987 0.13569164683636073
145 0.190000216894674
56 3.6945876141780687e-07
316 0.14000031681509753
863 0.2600001590043745
934 0.08357160803505691
1334 1.0478462142693434e-06
634 0.1986175125811937
517 0.6278798179339676
1995 0.16354095804658464
807 0.08430913361953209
271 1.040631553483884e-06
900 4.5098779831442837e-07
1350 2.54428893037284e-07
1554 0.001413868611838307
1744 5.392297375696881e-06
1928 6.808357295925993e-07
636 0.16000025616884847
947 3.377289392869631e-07
364 0.24000017175914196
982 0.3600001150028124
488 0.4057065977972057
1520 0.09212069738305985
1900 3.8274831629103723e-07
771 0.04000104253579578
1205 2.6112138298839405e-07
1689 0.18000022698038115
548 0.08000050883043791
1598 2.2711075206571785e-07
613 0.08998522845391399
1942 8.605096686389868e-07
827 0.1622190682590984
506 4.7190808766250925e-07
1171 4.803657114166304e-07
808 0.28000014810410145
104 0.010018661605677536
806 2.5372021913994125e-07
834 0.09789540765082105
830 0.24430882126141362
492 1.8664047194054054e-05
1033 3.107229689658375e-07
493 0.23000018051664206
1576 0.15000026942185654
113 0.12220394012587586
1532 0.034309932110608045
1553 0.3300001250577465
1801 0.45642905450052984
1016 0.41430875632333874
1820 0.47000008974235247
349 0.2100001954250488
359 0.024310822182237176
1708 0.16000025290831776
35 0.10000040306867623
1262 0.19210528423852102
905 0.22000018992635437
1767 1.5099520722546e-06
1871 0.033587655986727374
1731 0.3100153115102527
916 0.09000045028196257
196 0.370000113231757
1376 5.068586335227332e-07
1253 3.37506510975083e-07
861 0.03000151033204033
782 0.06000070934574728
284 0.44210514425946557
1868 0.28000014812805346
1525 1.0477250723603393e-06
302 0.027881388157225552
1785 0.09000045196917103
1429 2.0477457238210484e-07
1522 2.398100209244358e-07
236 0.25000013656789605
1802 1.8716622315895215e-07
1228 0.0821055529210413
29 0.07000058244414503
229 0.2142936978009202
1592 0.5600000782621516
452 0.22000018683473485
512 8.232111540010245e-07
1761 0.05139872565756335
153 0.1600002545558475
1488 5.767469108269863e-07
1910 0.4200001000510932
385 6.801619786486746e-07
681 0.07000061179888717
1138 0.05567682349852532
721 0.3500000935701487
1473 0.19781180618750477
422 0.12000033793769073
1110 0.11788008941050161
1539 0.08000050494665303
157 0.14000028849064472
1263 0.11000036830803035
1270 0.09000045017503558
1782 0.0014093447558062473
1783 0.27000014900967273
82 0.41000010532107656
291 0.20567634048424058
456 0.08000050244124264
1972 7.511824703723691e-07
433 0.04430959207261358
1795 0.1300003121708582
1570 0.0400010468234096
1206 0.2121204733832994
1447 0.06000067761994757
1916 0.27000018206810084
852 0.06210570585763488
1638 0.2786174548675442
449 0.09000045016665321
878 0.0679107545578918
1669 0.045707510594161484
36 7.312245885945923e-07
567 2.380340105119852e-05
1575 0.24998498855173476
554 0.4400001271066455
1572 2.479197145355272e-07
1492 0.35998491099778496
1217 0.11000036638314856
1339 3.6871202034605144e-07
762 0.1335866098752323
367 0.10570691781736358
1200 0.21000019701774944
1760 0.07569188351417518
1047 0.3478798716587922
986 0.2500002239263675
955 0.18000022687468292
1612 0.2200001868928187
758 0.060000648113659315
1851 0.2700001535038444
479 0.18430887569813156
401 0.04000104681843814
1005 0.48212033862396897
870 0.18000022699754403
741 0.280000146716191
348 0.18000023148704908
1526 0.2300001805244366
170 1.864928152595785e-05
110 0.05212106230632497
562 5.038127966375955e-06
124 2.987717058478001e-07
1340 0.19567635007011455
1695 0.19998499812424428
237 0.07430919723932625
1618 0.23000018046880524
336 0.2622037646415377
58 0.1900002470627974
1082 0.03570795230326431
436 0.025761165948689393
1981 0.21000022239890426
1104 0.22000018843630606
288 0.18000022698038115
54 5.068005384939456e-07
495 6.797077056266976e-07
950 4.6878712901821107e-07
307 0.18000022530182144
382 0.11429379057078282
297 0.4899848843102929
1489 4.238697169645089e-07
1000 0.050000819816875
268 0.360000084896542
1034 5.371486362648614e-07
781 5.076319703617438e-07
1405 1.7360780773349738e-06
150 0.36000011770722723
1093 0.09000045023600363
1766 0.2200001883586725
1464 0.2521052421505024
1452 0.20787994907091
654 0.14000029351698184
1844 0.010018645722684589
734 2.3413616312417673e-07
611 0.14567641485473454
1673 0.2500001666115594
836 3.2581786554852776e-07
69 3.3653517970966274e-07
856 0.03422653435931108
1862 0.18000022701458118
1507 0.16357137467572405
660 0.1742936800985694
525 0.0800005070318565
1417 0.03000151038051448
428 2.089717660188478e-06
1541 0.22000018674826538
67 0.36000011623848394
764 0.23569152401643392
444 4.0582026054891696e-07
255 3.377251140967985e-07
129 0.06788033312731385
730 0.05000078336639319
1879 0.1300003121252446
739 2.2438982691386222e-07
1365 0.33791022175407753
165 0.029986050160557182
1775 0.19642911087790613
63 0.26570667713097706
1593 0.13357139636490786
505 0.3300001264935398
857 0.06213613692138266
1096 0.07569185647646778
624 0.07430923039360263
1497 0.08000050713962564
1913 0.07569188139770591
603 0.040001053932685285
60 0.435706617953043
149 0.20651246045470795
1920 0.08569182236695046
1402 0.09000044822428213
1486 0.12000033772858652
1193 0.29569148830330405
737 0.3000001385644594
1657 0.3000001399807615
1481 0.2600001577479444
541 0.22000018981858585
943 7.305357838036097e-07
712 0.2200001852756476
1883 0.0014163794327041637
1536 3.386367650598521e-07
1518 1.8716318189726522e-07
590 0.03430991404197368
838 0.18000022698038115
832 0.20000020486479891
312 0.5100000829183661
1852 2.422201585115108e-06
685 0.21000019545883758
1611 0.05000081975060328
1259 1.8664047194054054e-05
251 3.3772250747354793e-07
1085 0.12429379420318769
573 5.919835348588975e-07
274 2.2048000442032034e-07
93 0.2486022939064274
705 0.05567682577996124
1973 1.865078461460619e-05
1254 7.955259373288934e-06
1241 2.547614121328756e-07
970 1.8906098039894736e-07
1148 0.4378798464581962
106 0.2600001576043945
559 0.020003077345920644
379 0.020003061896776784
429 9.61421619538605e-08
98 0.5000000844226373
1392 6.213573305463571e-07
536 0.08000050482295175
1144 8.207873184520875e-07
1561 0.3078421108879859
1125 4.5058884452775505e-07
786 0.04430958826096455
1384 0.23000020910730548
1223 0.04000105021002513
249 0.06569196131705456
1032 0.21000019686105656
138 0.29000014455208756
851 1.5098175408789771e-06
756 1.9203859830119185e-07
1874 0.09000045032990141
918 0.05000082253243286
1043 0.10781203951973971
1413 0.20000020502253693
1816 0.00012296088814568468
413 5.87856550715582e-07
609 7.575847997820517e-07
1863 0.12212058787537125
1581 0.24000017022303988
1627 1.1464546211450294e-05
232 0.14569162484761403
477 0.22000018679202146
390 0.15000026945807887
1460 5.078489821036536e-07
1996 0.10788011837484715
871 0.010018539977699862
1543 0.12000033608484403
733 2.90184589579745e-07
704 0.12000033603814937
1967 0.0014086781491969578
1800 0.3057899901519105
1202 0.22779657640781395
1031 7.46959667591307e-07
1929 0.19559299232931207
988 0.570000075540903
1292 0.06570714958144618
427 1.2439127870592093e-06
544 0.35991676024865865
1971 0.17000023830975175
1100 0.17220384895691704
1941 0.12000033595578415
728 0.07000058055861114
556 0.16569159030687516
403 0.04212127829116499
490 0.534308735247934
163 0.28998493856014057
292 0.19000021535257713
1875 0.010019016934533621
305 0.13001555319786176
1283 0.17000023987784155
1086 1.0502788081595549e-06
218 0.13000031039124288
1565 0.4114509789525999
652 3.0796180923442495e-06
842 3.1091906230185096e-07
1676 0.36000011628628553
957 4.736533596172432e-07
617 2.9003534379734575e-07
27 0.19220382420794765
1758 0.24639871839679045
566 0.06000065010749394
799 7.906742517244103e-07
6 0.1300003138784991
1864 0.24000017340614896
1515 0.11429382264068351
1918 0.10569173085510408
1923 0.2779102213246097
500 4.0549918237098304e-07
1126 0.030001510197535837
317 0.130000313914589
167 0.1100155847946977
1129 1.1891390488960596e-07
354 0.07000054737514157
655 0.2700001534506961
392 0.13000031385134014
1858 0.001417312626042126
1009 0.03000151018578805
376 7.576024493791134e-07
369 0.33787990358830855
1965 0.1171425929364165
261 0.1600002576210371
1538 0.010018075564007788
962 0.24000016884307898
860 0.09000045020938752
1639 1.9966326067488716e-07
143 0.18000022841898358
1769 1.3182085613488992e-06
676 0.03993298089346269
810 0.06000067987524723
913 4.5022506352243585e-07
600 0.09000045022705115
176 0.028551014253333472
1288 0.2600001891031921
1648 0.5600000768656963
1869 0.030001510181621973
791 4.0906306454646657e-07
1493 0.004469576026836746
1186 0.2000002048561228
1770 3.5491015165645123e-07
254 0.020003038415216515
1579 0.1200003360104539
1035 0.07212082366783479
1600 3.078513447218878e-07
839 0.05000081973774058
1134 0.36000011916324337
375 0.12212060828964738
698 0.22569150141687544
1690 3.697571191729754e-07
1933 0.015663922803536557
1745 0.03998572936507858
1701 0.4200001001742167
1810 0.06210570578195965
1386 0.2521204160480621
648 0.060000677517312716
1113 5.030086945162493e-07
1434 2.7588683671961323e-06
1229 0.15789521483724392
26 0.170000240111103
231 0.36787986119985394
622 0.2900001446077774
361 0.12000033956075044
1651 0.08000050890034797
1459 0.1856763589648887
414 0.2899849399785549
702 0.10000040502916052
370 0.2543088162282793
1030 0.35001532350457193
52 0.08212075534772315
1939 1.4356950596705609e-06
1822 0.010018917523291404
1243 0.11000036839000613
423 0.19430886324080904
1233 0.07000057571169097
1573 0.18781181708797043
715 0.2600001590619608
244 0.004533478471838842
321 4.770217670591048e-07
1609 0.30209001190160717
1027 0.40000010366332317
917 0.20430885001947335
384 3.379590291369139e-07
616 0.001413445152645816
81 0.010018539302359906
4 1.049978732521606e-06
1671 0.15000030292295366
773 0.10000040688452778
1204 0.026415389601437668
1077 0.2100001969942131
1556 0.0242951800820736
1265 6.303990732411946e-07
862 0.23570669831517965
365 0.09567654969750063
1494 0.07210559158618289
670 0.23000017903817024
202 0.30000014017181054
942 0.020003081370251224
1329 0.06000068354080894
491 3.892883419093218e-07
708 0.0014165686584238985
1208 0.15998504726178486
178 0.2485493184520289
132 0.05000084552277902
1719 0.18000022852345493
1260 0.022123009778391087
875 0.062120920830056055
940 0.23213563423455139
598 0.2400001718496137
437 0.2800001481201079
1540 3.3773637933554035e-07
534 0.09000044317651129
1596 0.08641418632345231
1219 4.4923504070870646e-07
1566 0.21569154264085078
186 0.3257066486987269
662 0.2500001636548332
362 0.10781197871598008
326 0.08430913362816231
911 0.32000013026831287
845 2.639784407176826e-07
185 0.10429382393884576
121 0.2222037910820725
831 1.864832159849568e-05
1440 0.030001510184571003
1577 0.12001554612156383
1620 0.1700002399225484
881 0.1700002399047522
1094 5.810658001564883e-07
1529 0.05001609635343363
679 4.5272710465227295e-07
1937 0.15000027120757567
927 0.07998528350655368
1038 0.10000037282194668
453 0.19000021397392752
1895 0.1900002154283012
1197 0.020003076463691434
747 0.6178798215786103
1752 0.22000018842117605
357 0.31000013584507957
610 1.5481131304673212e-07
1978 0.12639883229167956
1458 0.07000058065524817
1514 2.3152916991953099e-07
62 0.17781182746825122
1371 0.45000009361472426
470 0.3100001342892927
1712 0.001417323434625144
1675 0.060000679881002925
521 0.05000082249400363
1870 0.1900002154529324
958 0.24000019889017585
1982 0.1800002253898879
587 0.28000014822044206
844 0.29000014461555135
938 0.08000050705988457
1393 0.2100001969125224
1369 1.2663128621595576e-06
494 0.12000033790993224
723 0.04000105021280083
724 0.3600001161814743
1025 5.783291377597921e-07
1950 0.10138309656458343
1804 0.250000165223739
673 0.16000025115822017
1426 0.024310823599352074
1039 0.015696344979532127
286 0.3800001089952244
599 0.10001559200248007
351 5.41228197176169e-07
1048 0.11000033820453625
1408 0.12000036419844938
1403 0.03431000859178448
1636 0.03567717775989366
914 0.06000067995194532
1819 0.09000044827351507
669 0.007917600997269748
797 0.010018556367105988
1196 0.13000031215260452
784 0.230000177621719
1172 3.8293316120818766e-07
1904 6.797706455230479e-07
1516 0.06791075462404325
854 0.0014165669976015218
1756 0.09351860509809952
802 0.22000018683473485
1714 0.010018357536109183
1178 0.060000706320023973
1302 5.364636242177756e-07
578 0.1500002411306666
1659 0.310000137107263
514 0.15429373517659678
1338 0.15000030302831263
1661 0.014298598198735135
910 6.801033436143467e-07
1018 0.23000017911730922
301 0.007941162462833218
406 0.14702872333855843
1838 0.07213605828008422
1040 3.2746312032400082e-06
1980 0.01923370337257293
304 0.3900001090240154
1237 0.19791030954194913
1524 8.284604336855628e-07
642 0.19001541964193397
772 1.186799493506363e-06
1195 0.23210525103859733
1037 0.0500008163742579
1826 0.09000042167621354
926 0.062204288546498544
1707 0.14788001871042902
484 0.022107183425140637
17 0.11000036830803035
1298 0.2722037919160976
783 0.2500001651835514
692 6.80615589380984e-07
1825 0.010018654915225017
1312 0.2199849821592833
818 0.08432436081570704
1746 0.2900001431857747
1466 5.447788217580185e-06
1286 1.8650194604109133e-05
189 0.04000105025816145
1087 1.8319495162788524e-05
80 1.0512619406655155e-06
140 0.1256916402408517
929 3.3750733047233084e-07
1462 2.9091442033113424e-07
1314 0.2778950751255868
743 0.5300000797229713
1111 0.17570676103592703
794 7.401559929814949e-07
954 0.01001853867949173
66 0.22430883722863373
843 0.17000023986881316
1921 0.3721203625708102
248 0.0399176501957019
447 0.1042938476522501
570 0.24001537609807028
744 0.28220375526944147
1887 0.19212046307618597
65 0.3400001229738652
1051 0.20000020492446316
1174 2.463969755728268e-07
1373 3.3818203691582394e-07
290 8.338935866547548e-07
531 6.797766100019587e-07
1143 2.3870663238997197e-05
584 0.13569167519550895
1794 5.086537971793481e-07
1296 1.865823131116072e-05
535 0.10998515294829365
1201 0.020019113899151616
532 0.06998534754957444
991 0.37000011327126725
1021 2.9042200039297583e-07
269 0.09000045037981581
1221 1.5103878273046989e-06
1192 0.06212091813293501
866 1.5727311890798013e-06
625 0.3900001061682568
195 0.2600001605211182
714 0.38000011174575976
1165 1.1864663055152769e-06
538 0.1842255479831864
1505 2.39413527725052e-07
51 0.18139809498123316
1155 0.2500001651997482
1513 0.09000045026334055
144 0.2600001605211182
1400 0.32789505122946144
191 0.023588868831579367
1471 1.95321831736317e-07
1788 0.040001042433328825
1787 0.1600002528453513
179 0.18000022695439774
1238 0.12000033792842169
1974 0.0800005070227424
1117 0.18220383426434175
1491 0.29000014328682205
1607 0.10569176292012605
1367 0.1300003121070181
352 0.15570681120300334
1809 0.33430877704817463
19 2.8987701353178075e-07
1768 0.12415747894351553
1523 0.029986149542150547
1560 0.3000153146537661
1057 0.25430881499934604
482 0.2121204417876787
745 0.21000019541650214
1588 4.5958890057411043e-05
1672 0.13000031379676907
591 0.13000028223136403
1812 0.11000036444763092
1949 0.44000009439292415
378 1.5112633647111628e-06
725 0.14000029025678598
1385 0.20000020645779046
75 0.10000040512759564
238 0.34000012280209213
91 0.06000070294109371
1152 3.6820850320140597e-07
256 0.04429428619892276
48 8.275828365447713e-07
1947 0.14000028842675905
975 0.05000082245146706
136 0.05000081645794921
1727 0.35000012230784405
300 0.18001543794801408
867 0.045775625678364164
1249 1.0445227136834934e-06
208 0.08000050226441631
1467 0.22212043911579646
1495 0.047880553712498254
206 6.820171009544462e-07
1891 0.04000100962789053
1291 0.05788045084243117
1285 0.20789514962153452
1445 0.07567664404701432
212 0.17000023995779945
275 0.04000105254687712
1271 0.12000036425427224
504 0.4000001063091615
1890 4.0496181642757367e-07
5 0.11998512438446934
1318 1.5279755274100193e-06
102 0.08000050484962783
1052 0.020003076524285533
876 0.24000017183353406
1684 0.26000018916743545
1815 0.06000067450336562
1046 0.3242936066653879
141 0.17139811152078
1227 4.971881285842361e-07
1985 0.08570701490124243
1680 1.0485025514692103e-06
1088 1.7301128591995507e-06
1387 0.15430894947937615
778 0.020003169411212943
989 0.1500002728798676
907 3.4384840565115926e-07
1823 0.12000030768375848
1709 0.100000406902889
1803 2.161113982213081e-07
1461 0.17000017806368717
1501 0.10210546711154764
1325 0.20000020788349196
674 8.23408648507884e-07
258 1.2813282337167942e-06
1123 8.231510832956701e-07
1836 0.27220372755661765
1548 3.081889517399239e-06
1074 0.01860515316882498
805 0.14567641287312427
1725 0.1500002711356995
1713 3.127303427885586e-07
148 0.13998507584060604
666 0.03000151322348153
776 0.06212091803737306
1652 0.17000023995779945
1615 8.223951406885477e-07
1118 0.030001510255564464
731 0.09642932781784967
1333 0.07011436144104828
33 0.03430993210681882
1246 1.042800862077753e-06
1569 0.2700001548693991
443 0.3400001242668849
995 2.46177270707415e-07
211 0.02429524536425011
822 0.23430882973612335
70 1.8876884456023313e-05
358 0.050000824569737534
750 0.31000013572180196
1691 1.9916230911687371e-07
1359 1.855263235980495e-05
1796 0.250000165167191
457 0.45000009638431987
465 0.20000020487343656
421 1.820665598331432e-05
1098 0.10000040686633
1666 0.2800001467794547
770 0.19789516419223005
576 0.190000216894674
76 0.15781185457620264
1343 1.898215451248686e-05
1124 0.12000036639306547
386 0.18430884095304637
699 0.06000067462026716
1856 0.045692251502571696
1084 4.479233476628597e-07
342 0.4200001000594347
1209 0.1500002727387621
740 0.069985347436455
287 2.8972751975331335e-07
469 0.07000058053572754
993 0.017899392592277002
295 0.13569164847371848
1198 0.2500001651835514
1624 0.21212047330865055
210 0.034325340942618326
73 0.2700001833846637
1677 1.0484189288950674e-07
282 0.11220397640563762
853 0.23429365390326215
508 0.2200001854028882
253 0.030001504664638523
1992 0.3500001209032528
14 0.27000015486184725
21 0.3121052120995959
581 0.020003077239956688
265 0.012113958703946182
1730 0.33000015783906955
675 0.21000019694580374
1558 0.1943088631932216
1545 0.12000033797493236
1345 0.177910333645708
1317 0.3243239853674363
1146 0.37000011325554083
1331 6.798492345194695e-07
1674 0.17789518884962852
941 0.12000033780938203
931 0.35000012079444265
952 2.0024017598069266e-06
20 0.06000067999632959
418 3.671572358504571e-07
1485 0.20000020483865438
1557 0.05000081978926508
1567 0.18000019833690842
1042 0.19000021385769283
1465 3.073961173501172e-06
1872 0.5600000755634252
695 0.0014164258520504235
612 2.1479321837825083e-07
1162 8.19868938475854e-07
1472 0.04141426509675658
11 0.27000015333868727
751 0.0743244320143884
1235 1.0501372155954924e-06
432 0.14218868523651795
1420 0.020003038305708747
1391 0.13000028364107832
602 0.11000036832601919
12 0.062120920962603285
800 3.7847452121562986e-05
1589 8.232684387335376e-07
64 0.06998534094967361
1121 0.02000303810739779
615 0.1220220442243992
893 0.060000677475129244
540 4.830091865637431e-07
1724 0.25000019371523663
1656 0.13000033871286143
1310 0.2400001688514891
586 0.09210547596854804
0 0.3142935802918487
1216 1.4913658981756395e-06
1907 3.8379572649127613e-07
1953 0.0014089622591745095
1327 0.0378808049402097
1721 0.4500000923325835
1716 0.06000067991346264
804 3.6017731271237308e-06
1630 0.1700002415384766
1189 0.07000057830665117
719 0.3743087655011636
768 0.14000029022975255
166 0.13000031036363535
819 0.15569161066390189
748 0.03430993214586229
1003 3.6886654483647696e-07
175 0.2700001534273416
1236 2.576287863043092e-07
1284 0.13788004457093414
1092 2.554053772640952e-07
1956 0.14000029179761336
161 1.7887953500037024e-06
1994 0.2500001651589491
678 0.028618994796390528
717 1.999214462394816e-06
476 0.16998500323444957
1938 0.24000017032569676
937 0.23430882824108562
164 0.3600001162465191
1078 0.4700000897423524
15 0.27001535699898493
1762 0.12000033788231838
732 0.3100001315305329
974 0.09000044814131154
643 0.23779656768132262
1878 0.1900002154529324
533 2.619300246142764e-07
696 5.043909328400487e-07
892 0.15000030136233883
1313 0.22212046331728433
1378 0.06997011733439402
1614 0.10000040317921698
1106 2.0471071904282212e-07
114 5.062427764074284e-07
383 0.09220405496079347
293 5.059417136771271e-07
226 1.7328266185084873e-05
381 0.027881312828044697
496 0.1400002900752949
109 0.24210521701781682
1594 0.17350315234802308
632 0.17787997937114636
1337 0.08000047625252499
1108 0.2300001775402323
1846 5.822830671242674e-07
510 0.09000045020067704
1013 0.2500001666821893
1697 2.1819834284883544e-06
1375 0.020003168662454014
478 0.10789533288898633
1141 0.2800153544627107
631 0.07430920287074533
1976 0.13001551899203448
313 0.1914132621566915
1550 0.35000011946913095
1571 0.177781418134515
1421 0.12001554839605352
1282 0.1300003167549108
1024 4.5066946163796473e-07
1274 0.13000031382409782
1303 0.1900001868521319
1346 0.050000822487400204
630 0.0014174364779432353
1563 6.797593996854534e-07
523 0.29157986985509554
425 2.7164408528124184e-07
243 0.2000002064334589
1496 0.29000014187001516
1806 0.08569184644005755
1517 0.027797791945858265
501 0.2500001666355558
518 0.21569154110188735
688 3.902144896511528e-07
1454 0.19569155993222204
653 0.32000010159860803
1702 4.823474370752034e-07
356 0.16429372031423842
1625 0.33000012503341497
1958 0.21000019545883758
897 2.9068160187217806e-07
553 0.12000033790993224
1500 0.0014086079786177175
628 0.07429396751438573
1432 4.599225851414923e-07
309 0.027912299764819168
310 0.06429410821869588
240 5.827983677458848e-07
8 0.18789517362733588
330 0.05220443638909736
1599 0.07000057828126922
335 0.28000014954063723
498 0.06000067994377334
1860 0.13000031227148656
667 0.05000082255030739
1120 0.09000045031048898
241 0.3843087626859299
1070 0.16000025460023365
1776 0.12000034116368355
1366 2.7109128658553416e-07
765 3.3862233866921443e-07
1944 0.10000040693073563
345 0.3400001242668849
1151 0.040016388352992815
1287 6.857693669454212e-07
880 0.16000028640181943
1848 0.08000050884729144
1729 0.16000025769026907
546 0.35000011953947474
890 0.19220381964561326
434 0.2800001480960404
912 0.1322038861942101
1351 1.0503303561129607e-06
1140 0.24000017332510218
419 0.3000001385317582
1791 0.20000020799687382
1997 0.025693217522170977
173 0.11000037012431384
1969 0.0045025828830939345
1250 0.5500000768801989
1503 0.07000060672161973
824 0.0778121218363597
753 2.710320578802605e-07
135 0.025693217868835803
1845 0.13001552637721597
798 3.080724844107402e-06
1311 1.2137365758696506e-06
459 0.14000029184260737
394 0.05000082604794034
884 0.36000012056143726
1977 0.05000078658885449
577 0.13000031206150026
146 0.18000022698038115
1304 1.5791427628170096e-06
1722 0.32000013019636075
816 0.2900001431857747
1150 0.24000017173359273
882 0.11779673380241412
1841 0.12000033952419341
228 8.980645743034144e-07
1893 0.04000105022501298
1175 0.18000022691929926
767 0.30000013868950054
1332 0.32998492501853127
1474 0.0299860500051324
1670 0.2699167987152002
205 0.057797067601877784
122 0.20430885309571167
1388 0.0900004519775197
1537 0.07218894859440607
187 0.22000018688464168
1647 0.2400001717163478
9 0.4200000987319529
1894 3.826585508598379e-07
1157 0.08000050709884779
272 0.29430879626246975
1425 0.26000015903752544
574 0.329984953657549
813 0.08000050701374305
1044 2.1573214650794093e-07
1585 4.7161653743410525e-07
951 0.23000017898875597
1107 0.41000010398431963
250 0.11000037174116643
1945 0.020003076486637152
216 0.06000065016150047
267 0.3156914811068038
1882 0.2542936395756387
1827 0.025693221363317333
13 5.068623545045892e-07
410 0.21000019561097288
1876 0.5100000828761851
1508 0.4300000965873646
1951 0.19567634841695322
39 3.120145997403956e-07
1468 0.27779654412682425
1247 0.30000014151727167
1685 0.22567632258841377
895 0.12430894851619273
1580 0.3756914566494679
46 0.08991709307445152
30 0.2178951136983798
1831 2.4873593463693028e-05
431 0.1400002901573484
1358 0.05000082246464401
1747 0.07000058260800844
1450 0.040001012907101785
527 0.0700005783719506
133 4.034139605424425e-07
389 0.29998493412727684
738 0.10430907142927645
451 1.9732794891008654e-06
775 0.2700001534812955
788 0.04000105020790188
221 0.08000050232864875
1160 0.3400001228503889
1663 0.4300000978934591
973 0.09000045213004537
371 6.225320825503644e-07
542 0.05000078918159439
183 0.2300001805923423
1362 4.0580461412031976e-07
270 3.5991866607874845e-06
812 6.785864013481024e-07
855 4.4713721586431276e-07
1168 0.19000021693563413
1832 0.02000308148145586
752 1.0512129752088262e-06
1399 2.3900049280508803e-05
1068 0.08789539413112969
1587 0.19000021690295826
614 0.010018061208388801
1470 8.429757836006524e-07
1902 0.4200001000510932
1007 0.030001486417048393
877 0.25000016814490034
524 5.169533210253041e-07
1528 0.12000033786398871
49 2.713972581669388e-07
42 3.3772349158911474e-07
327 5.811349508416663e-07
1319 0.1878799645018646
1374 0.260000186270839
1888 6.805638467846653e-07
754 4.5006269601410853e-07
74 0.23000017749834142
1115 0.3343087771801495
87 0.3678798952784227
424 2.3910876832886063e-06
1276 0.07567665441398491
96 0.1742937103709251
1688 1.3768169623614573e-05
71 0.1900001852708238
774 0.06570718227776018
1244 0.2056915440256236
868 5.059161244241883e-07
1258 7.573180025657877e-07
1002 0.29000014324869394
1909 0.0800005048680386
388 0.044309630959479374
961 0.13789522412693198
311 0.12212058251951895
242 0.13000034248809045
199 0.33000015643924485
1071 0.010018554820877946
1583 0.08000050484061011
340 0.1600002561424516
971 0.21000019697023317
1781 0.02429527012944263
61 0.09998518886845327
846 0.5100000527705151
1185 1.554727915211579e-06
1546 0.1700002399402304
1063 4.232671105691699e-07
1952 0.3700001132790915
659 0.17000027007216223
1552 5.364363868387567e-07
1551 1.77979584264909e-07
1924 0.09000048429953172
1723 0.07788026065141732
682 0.0856918204267808
769 0.310000134404639
400 8.994152023780733e-07
1159 0.4900000861773572
416 0.1942103283011897
677 0.2300001790543162
1079 0.04429433032159105
1653 0.19000021540336892
1736 2.5737540879089416e-07
339 0.20569154873510034
1280 0.24000017328627732
366 0.12422564980672704
1419 0.24212039401512686
1829 0.06000067989325464
1718 1.1868191578945364e-06
1293 0.012131839086149534
626 0.050000822487400204
915 0.19779659934118501
497 0.2000002064497282
306 1.953159816936445e-07
472 0.010018653899407787
998 0.31000013570651463
331 0.19787992716964178
1757 0.39000010755015735
1499 0.18998500974054283
474 0.11000036437942072
1632 0.2100001655640812
645 0.15996983716663002
285 3.3772075615223773e-07
1424 0.3300001277497937
564 4.2214648135474597e-07
920 0.17000023659827834
103 0.17569158151861183
1597 7.289367981028194e-07
647 0.040001046815982454
909 2.902945034077842e-07
391 0.04991741691490347
1843 0.11569164216535009
341 0.29000014467612456
879 0.09000048091020715
1655 0.10000040315072417
865 0.06000067996035324
509 0.23000021199425486
978 0.09000045023600363
1646 0.46000009162935174
727 0.06998534552639984
1412 0.472120369136625
683 0.3756914321610728
204 0.21000019546718618
701 0.012096036236024272
568 7.269337242502005e-07
1252 0.20781179481839787
903 0.2500001651589491
766 2.5534936376470085e-07
1451 5.803494105838247e-07
1158 0.08000050228746748
1379 8.231797222618686e-07
949 0.2900001446309639
582 7.334145941881309e-07
656 0.20000020803857027
1877 0.260000159029299
180 0.20000020926361547
894 6.785435333611645e-07
821 0.0014173731146533354
1943 0.33000012510571614
1396 0.21000019693755975
1847 4.223875755132722e-07
817 3.370998901408573e-07
461 0.154308944667873
1786 0.06430928677248024
169 0.18000025714317788
1061 4.562388736154693e-05
460 4.0633394296496483e-07
1364 1.8397467661558642e-06
263 8.51488391941102e-07
1733 0.1264140162040897
1764 0.06998534568184824
131 5.793580881707783e-07
1306 3.672549077349263e-07
1095 1.6596352664377534e-07
1436 2.280341493712118e-06
448 4.049407859169074e-07
507 3.114469072362791e-07
833 8.22302119438123e-07
650 0.05000082255030739
1912 0.17000024149530157
1621 0.26000016065992637
1210 0.020003174141619125
1586 0.08429393694365603
32 0.07000057847982019
455 0.15000026943997835
1213 4.819814061890471e-07
1601 0.039985724358065786
585 0.09000053745639812
1837 0.2000002380414027
1728 0.25570666026842165
1083 0.28000014820541963
1184 0.05000081630192897
1268 0.18430887425773698
1773 0.14000026171494434
1457 8.763817046404665e-06
147 0.14000028649852606
1521 1.4415737513255589e-06
529 3.081889517399239e-06
550 5.97183384701272e-07
706 0.00791613999771221
1190 0.046429859585825115
1649 0.030001510272150637
1183 0.44000009573646237
668 0.4021203543258949
171 0.10569172894999586
552 0.14000029009358517
887 0.20000020482986183
409 0.1500002695032425
95 0.07000058253233793
1026 0.3800001102994104
1645 0.030017032872976763
1435 2.4385945078253535e-06
1763 0.01431548799840847
1936 0.020003078129719874
956 2.1718681864728306e-06
344 8.269121834839077e-07
159 0.14220389626183885
1628 4.4812681193606707e-07
1927 1.0505453278547572e-06
1355 0.2185493697291599
177 0.06779697655015071
1720 0.2800153230275591
1778 0.060000680025757
1490 0.10567651806271122
1321 0.2600001589790794
1218 5.077958041554975e-07
639 0.060000642822668517
925 0.19000021680923462
1717 0.22000018681777342
117 0.11000037024586563
322 0.20000020343611402
1915 0.33000012516824756
1668 0.2800001495091496
635 0.25569150948690317
560 0.3600153216709831
1309 0.037896170690460106
1066 0.10429382380578466
120 9.40422672447011e-06
1407 0.3221204110795777
787 0.010017668224077536
37 0.0014089622591745095
334 0.2400001703752906
278 0.030001513826225484
1469 5.763073577524924e-07
1475 0.09000045032990141
1163 0.39787985842876467
720 0.31998492877664253
116 0.2500001652077856
464 0.36000011759896133
1999 0.12000033778229736
515 0.1843088725355724
1397 0.2700001533551634
350 0.18430890278366363
1963 0.30000013864368114
1344 0.0113760985091178
99 4.496282157845366e-07
1404 0.09000045025414857
1161 5.848438406202972e-07
266 0.24000017192761222
1014 0.06000067997787383
1919 0.30787988765538865
1239 1.532148146881837e-05
233 0.39000010898526805
1641 0.40000010764373795
1704 0.11000036646510256
1683 1.865078461460619e-05
687 0.2300001805775977
1154 0.12569163812510958
1635 4.4924008588131947e-07
1590 0.15000027116277412
516 0.10998518310084855
1510 0.11000036837156243
837 0.2400001988816842
1780 0.10000040316965612
503 0.16223424961056787
1211 1.8714634449704115e-06
276 5.068515402106843e-07
1833 0.12000033801244754
722 0.13000030634117934
597 0.14000029334537736
1081 0.11000036834413907
1814 0.2600001604976019
1029 3.371102228338918e-07
439 0.09357152158314239
999 0.07000058268202504
1899 0.2100001924825916
1147 1.8335930798696332e-07
1857 1.5059926512933641e-06
1299 0.15000027440244046
1512 0.3500001222342379
1983 0.05430940887302625
657 8.232684387335376e-07
709 0.15000026952127568
1224 0.6622036697098314
1294 0.08000050897681339
1482 0.24000020188205723
72 4.2346363994527625e-07
792 6.8351464851210825e-06
825 0.20991684198186603
575 0.04998552003421118
1430 0.12430897891117418
1897 0.1300003121252446
1004 1.5117979005122018e-06
1323 0.0800005069874372
1167 0.27000015490644846
994 0.0778954907610019
100 0.08998522869023037
779 4.501670804457625e-07
234 0.27779657271752745
1884 0.12000033959736352
1935 0.34789507421973775
935 0.00864919767154531
1993 0.280000149548392
1511 0.16569153351202054
841 0.13000031384226882
1203 0.06430929012637258
1839 0.3700001173902985
1835 2.5195202738026445e-07
919 0.18000022694567208
1324 0.18001543487923685
1361 0.37000011317535697
1665 0.05000081977269172
1840 0.4678950150829472
252 0.18000022692812298
1962 0.37000011315901055
1453 0.41779649608638064
620 0.1600002528903876
980 0.10000040509104928
137 0.21000019541650214
710 0.09998518700347288
481 0.05000082456452731
1633 0.24000017325430292
224 0.07210562025825125
1059 0.0014168571008601502
1527 3.120148582003157e-07
1892 0.24000017044759728
549 0.13000031218912342
1749 0.19000021377197746
1069 0.3113524520639261
1191 0.12001555214067412
1248 0.20000020503838692
1865 0.11000033822383286
1504 5.110162046573219e-07
1682 0.15429370677797635
979 0.19000021537812942
519 0.030001554581619454
801 0.02000307704879666
471 0.04570754832230582
1342 0.0843091336727227
111 0.14212053735607375
130 3.0132979634278634e-06
793 2.9025738557120206e-07
1415 0.16567638524176062
873 0.0699853455814596
814 0.280015353048287
399 0.03212169741755802
151 0.009998303675208696
1984 0.16000025629626005
1389 1.0500276062738734e-06
693 0.19000018672692018
1531 0.35000011953177373
502 0.31000016714529743
222 0.04786530372270876
397 0.04430959527084365
442 7.653200818080741e-07
896 6.572519714830027e-06
1710 3.388229944528698e-07
1530 1.7192397347431942e-07
192 0.15791036575976364
1076 2.8983516747738136e-07
247 0.5700000743188051
1105 0.26000015318969566
1784 0.08000050710887217
1817 4.5003732800086294e-07
1279 0.4600000903758879
1267 0.19998499808107592
760 0.36000011621421496
1116 0.22000018832620727
184 0.4900000861436539
1225 0.25430884489490513
944 0.375706634554551
1772 0.05567685718082111
551 0.27212039988839193
1122 0.17000027312352134
1269 0.15000027283653097
1390 0.17569155155321528
1360 0.06569196407994823
885 3.0794093074798523e-06
363 0.08998523023502034
803 0.3321052058237223
1991 0.10000040692141283
1255 4.049471344080846e-07
726 0.5443087311127897
1640 0.21787993125561936
1861 0.09998518500097484
1028 0.12000036829846207
1700 0.14998506303975426
22 0.1000004051368647
83 0.0800005070227424
1128 0.2500001695619639
462 0.07000060667634327
658 0.19570673251322646
869 2.2006652922179626e-07
420 0.07000058061782091
1989 3.690267560280125e-07
1431 3.3818402121743585e-07
664 0.30000016866717943
985 5.803999993947428e-07
23 0.290000141798881
1422 3.2676513535279117e-07
1940 0.002739455649028244
1065 0.0014175458150870702
684 0.24000014183377397
601 0.44000009573646237
1049 4.823079535754005e-07
