ER512
512
uniform_structure0-01
1600
643 0.14045489737080336
1703 0.010804322110356803
772 0.07022744997030665
281 5.018405989376529e-09
707 0.08643378376619862
465 0.05942322753505891
1464 0.03781478373901955
1370 0.19447601123237365
408 0.12424856325459345
1545 0.17286756573782838
1667 9.589338853532858e-08
1566 0.09183589515792119
782 0.037814783756112386
556 0.016206361210057595
272 0.10264011782768699
1056 0.054021116401680926
969 1.2312732455138642e-08
1211 0.07022745004905946
297 0.07562956124147234
1177 0.10264011782595178
421 0.1080422291737776
98 0.14045489737111008
19 0.08643378383319618
1759 0.02701056424617159
1474 0.27010557079269076
1818 0.19987812262617272
1431 0.2430950137956966
1829 0.15125912012820505
910 0.2809097935937449
763 0.13505278599382028
1612 0.1944760112327372
1733 0.16206334289550364
593 0.3187245734054305
810 1.2283259347156683e-08
1102 0.18367178851790222
1163 0.1998781226253967
377 0.02701056424934817
1923 0.048619005255652645
734 0.010804319124197556
789 0.032412673495513196
347 0.1296506746225847
146 0.10804222917505052
257 0.08643378383466509
1423 0.1134443405282038
1633 0.07022744997030665
1713 0.08103167253014637
563 0.22148656820616616
894 9.595279916799204e-08
1320 0.1188464518881485
1754 0.09183589515506081
235 0.14585700874744
1753 0.17826967705927008
1489 0.2538992365936494
1425 0.2971161277970431
1668 0.12424856325409603
1892 0.23769290239794427
1255 0.14045489737050526
681 0.037814783734471995
1442 0.2430950137956416
869 0.13505278592840186
638 0.08643378383372138
1252 0.09723800648787509
965 0.08643378383390327
1328 0.05942322753541658
1340 0.054021116397152916
861 0.24849712519511877
1483 0.021608458128986287
1968 0.14045489736957167
632 1.2560321347911824e-06
1200 0.032412673482770604
688 0.17286756566928385
1845 0.11344434052980609
1894 0.07022744996859799
880 0.054021116397152916
1030 0.03781478374150662
1408 1.2560321347911824e-06
1657 0.37814779884236194
148 0.02701056429653164
1312 0.06482533873223029
654 0.18907389984056094
850 0.21608445667546342
1570 0.1944760112324335
229 0.06482533873349725
1486 0.2430950137956966
716 0.18367178844873056
1677 0.2647034593927391
1622 0.1404548973691381
1537 0.027010564278925252
1749 0.2052802340196968
283 0.12424856339056592
1368 0.13505278599458492
1472 0.17826967705841174
413 0.1350527859950962
172 0.1782696770599044
112 0.043216894427491256
280 0.03241267347378567
1278 0.09723800648485564
1003 0.04861900534486235
903 1.8316796968065319e-09
1202 0.09723800648713046
1813 0.07022744997170267
1104 0.1782696770592017
1280 0.01620636142430776
923 0.07562956123665393
1416 0.2701055707927993
1725 0.13505278599438772
582 0.13505278599419454
1478 0.10804222917566865
937 0.21608445681028282
674 0.16746545428231435
103 0.03241267348887217
1497 0.05942322753505891
29 0.1944760112324335
1503 0.17286756566928385
1794 0.16746545428161433
88 0.06482533873193186
178 0.04321689443710853
1806 0.12424856325327858
1917 0.11344434052808154
126 0.12965067462504282
874 0.048619005356674745
1397 0.15125912012860415
940 0.14045489736984226
1245 0.10804222917460829
1701 0.17826967705886573
1922 0.07562956123871642
422 0.23229079099970473
601 0.0324126736490585
1891 0.1728675656694147
279 0.09723800648695101
1778 0.17826967705968913
742 0.18367178844898238
620 0.232290791067754
604 0.25930134799247184
1015 0.1566612315114551
147 0.09183589515401733
973 0.11344434053070399
641 0.021608457980608693
1075 0.24309501386315485
1386 0.021608457922050055
1422 0.12424856325409603
145 0.05402111639954271
905 0.1134443405288408
1333 0.09183589515601288
1230 0.20528023402035486
233 0.1890738998407528
322 0.0918358951572568
1089 0.05402111639807139
1654 0.0324126735187381
1331 0.0005389202024841586
985 0.06482533840230552
1154 0.09723800648642854
1096 0.14585700881494298
1699 0.41056046726906087
1450 0.16206334289671398
277 0.1134443405303973
81 0.021608458019641282
475 0.010804319476992532
639 0.1026401178251203
1855 0.38895202165092224
846 0.005403383419445058
1911 0.15125912012828352
1373 0.19447601116605517
1267 0.2755076821926437
845 0.059423227535783635
1941 0.1890738998403721
1804 0.25930134799285043
139 0.10264011789535384
312 0.11884645188748776
884 0.16746545421475476
565 0.1242485631871941
1351 2.7024087290855592e-08
1038 0.02701056432655051
372 0.037814783748353516
1763 0.1566612315110693
838 0.021608458037102006
816 0.39435413305509165
1862 0.03781478362446539
402 0.04321689454848345
143 0.03781478373782949
1797 0.07562956123686396
411 0.05942322754349195
1043 0.0810316725298924
1926 0.15125912012852297
216 0.14045489737131944
1888 0.1458570086813071
926 0.13505278599468512
1235 0.12965067462163946
567 0.0486190053423224
1039 0.0810316725293971
1129 0.04321689442982706
351 0.09183589515338052
439 0.043216894089581646
1856 0.2052802339530622
1074 0.12424856325397517
1744 0.31872457340508165
916 0.1944760112327372
1308 0.2268886796040469
1522 0.27550768219296135
1485 0.01620636127081103
369 0.16746545434955798
1041 0.04321689443150318
1364 0.07022744997170267
30 0.037814783748353516
1882 0.3835499102468649
1052 0.08103167253120466
1939 0.09183589515452571
1125 0.02701056423460798
1117 0.09723800648677422
891 0.09723800648866325
72 7.223728167721211e-09
1975 0.14045489736975117
1297 0.037814783740245224
118 0.027010564227127953
1785 0.25389923666076
822 0.037814783728706225
1902 0.21608445680982122
696 0.02701056425604623
1723 0.08103167260306281
1615 0.08103167252620522
1960 0.2971161277970431
762 2.7010603521199217e-08
1886 0.3187245734057856
482 0.1566612315114551
842 0.2647034593930711
62 0.21608445674366852
1534 0.14585700874837557
1242 0.10804222924259334
503 0.010804319775115886
515 0.15666123151185643
794 0.16206334289624338
900 0.3241266848075917
26 0.2052802340201119
1143 0.21608445681040056
829 0.032412673493239216
1093 0.09183589515487947
1559 0.2052802340196968
1811 0.032412673495513196
862 0.05942322753818477
1079 0.11344434052832776
194 0.12424856325242406
1037 0.16206334289515364
886 0.005403383419445058
1533 0.02701056430605233
1067 0.30792035066814266
206 0.2214865682062236
1629 2.311835993473732e-09
885 0.021608457960326653
381 0.09723800648677422
133 0.0756295612387164
412 0.0486190053519357
1095 0.2376929023974957
329 0.22148656820779936
811 0.17826967712590794
1815 0.12965067462173988
260 0.10264011782609815
1111 7.528305642073851e-09
1582 0.08643378383466509
1274 0.07562956124031016
309 0.1566612315130679
1068 0.19447601123267588
375 0.3727456874387235
37 0.30792035060101186
1008 0.08103167253292189
1352 0.04861900535502469
1170 0.09723800648660005
53 0.07562956123922794
727 0.19987812262719468
61 0.14045489730316488
1099 0.09723800648866325
1543 0.15666123151253228
131 0.15125912012990775
1809 0.03781478373901955
1684 0.14585700874793864
107 0.1674654542820286
1448 0.3457351304196372
320 0.20528023402035486
1589 0.0756295612411742
1502 0.08103167252758137
1726 0.2538992365933736
958 0.2647034593926843
271 0.19447601123317498
1729 0.22688867960269246
1225 0.28090979366094027
77 0.021608458046231717
246 0.021608457980608693
1206 0.19447601123231406
1930 0.17286756566921904
327 0.19987812262635848
635 0.07022744997057405
165 0.10264011782970749
74 0.021608457987890448
702 0.016206361446526662
1023 0.08103167252779403
1557 0.25930134799290516
1553 0.09183589515401733
266 0.07022744997030665
1033 0.0054033638595589045
1173 0.12424856325305711
1263 0.19987812262605034
1276 0.027010564040252323
1105 0.13505278599382028
1641 0.16746545428283358
0 0.03241267348887217
156 0.32952879621062936
1446 0.1566612315110693
1866 0.09723800648576854
89 0.04321689444133288
466 0.13505278599608447
1482 0.1296506746225847
1090 0.22148656820645557
1769 0.1944760112331115
335 0.1566612315123593
111 0.07562956123822438
255 0.24849712519389844
1507 0.2160844568100502
930 0.1674654542821705
713 0.059423227539977315
451 0.04321689444359354
570 0.0005391500163220335
1646 0.1566612315121049
590 0.06482533873452513
1054 0.08103167252657845
996 0.2376929023303154
1893 0.08103167253093367
709 2.3428119097501643e-09
991 0.16746545428188864
656 0.21068234541479663
1334 0.13505278599530818
1572 0.03781478387231109
1493 0.21608445681016605
109 0.08103167252779403
389 0.1404548973038773
1467 0.12424856325362078
859 0.14585700881588304
1172 0.19447601123317498
73 0.34573513042002213
1721 0.19987812262574917
666 0.07562956132182747
1712 0.2647034593925754
1120 0.15125912012828352
163 0.10804222917313898
38 0.24309501379547768
1847 0.24849712519444211
1444 0.15125912012893583
1500 0.3133224620033228
458 0.15125912012789786
467 0.04321689443327505
395 0.12965067462154023
426 0.16206334289655477
847 0.07562956123871642
213 0.12965067462269567
1927 0.2917140163965159
615 0.09183589515385374
473 0.010804318892768868
1506 0.12965067462134514
177 0.1674654542831417
645 0.10804222917460829
1372 0.07022745005505898
896 0.13505278599419454
889 0.02701056431605707
618 0.1728675656702355
717 0.01080431920763909
353 0.08103167252915572
531 0.1512591201968625
799 0.14045489737131944
1974 1.8470351081933956e-09
360 0.06482533873524776
1144 0.15666123157933998
524 0.17826967705954777
1535 0.2755076821928549
1885 0.20528023402023285
550 0.02701056424934817
1443 0.14585700874752122
1967 0.1458570087477694
22 0.18907389984088235
162 0.21608445681034158
715 0.08103167245835294
12 0.28631190499444037
1942 0.24849712519384504
496 0.1674654543501443
1237 0.23229079100038302
1296 0.1728675657373332
1273 0.11344434053070399
433 0.19447601123237365
343 0.10804222917460829
603 0.20528023402041626
419 0.10264011782624675
1142 0.30251823913178566
293 0.08643378383613237
1662 0.04861900534846474
438 0.12424856325350538
1427 0.11884645188849889
1734 0.16746545428181933
157 0.2593013479933497
1289 0.1836717884497721
1837 0.07022744997030665
404 0.05402111632173287
1652 0.14585700874846538
1 1.264760485421984e-06
363 0.11884645188826382
452 0.09183589522604878
284 0.1404548973694832
722 0.15666123151055417
921 1.2451144129109817e-06
725 0.1728675656696814
54 0.1566612315112218
870 0.15666123144451247
1512 0.06482533873081084
207 0.22688867960350267
175 0.16746545428231435
1136 0.18367178844930504
1151 0.17826967705886573
1426 0.14585700874855598
1909 0.06482533873135685
911 0.25389923659353847
1070 0.027010564243109565
573 0.1350527859958571
1741 0.13505278599400541
897 0.1836717884488558
990 0.04861900535839598
215 0.18367178838178178
1042 0.043216894449685156
1756 3.158241827783126e-09
470 0.16206334289564725
236 0.21068234541509528
1518 0.12424856325409603
1827 0.17826967705853958
1019 0.11344434052995114
269 0.16746545428161433
890 0.1458570086137756
492 0.1620633428955752
1636 0.10264011782538862
974 0.1350527859950962
1907 0.037814783728706225
429 0.03241267346909797
1688 0.08643378383427729
1918 0.10804222917475369
1816 0.11884645188898724
31 0.15666123151084502
1994 0.07022744997084733
726 0.3403330190164388
1088 0.22688867960338427
671 0.12965067455567345
1204 0.01620636021912449
282 0.09183589516060807
1240 0.15125912012852297
692 0.1728675656694147
614 0.16746545428231435
401 0.09723800648500143
1147 0.23229079100139677
1714 0.05942322754811504
719 0.10804222917326287
1901 0.07562956123729828
507 0.09183589515487947
1807 0.04861900535049567
331 0.21608445680982122
1991 0.16206334289586674
432 0.03781478374691173
349 0.18907389984062456
1716 0.46998369272570023
1360 0.17826967705841174
852 0.0918358951547011
1735 0.17826967706161148
1490 0.1620633428957199
927 0.0005412640675647083
1401 0.04861900535502469
750 0.08643378383466509
1798 0.27550768219280186
521 0.21068234541450412
1449 0.03781478373901955
950 0.11344434052870994
764 0.15125912012828352
1984 0.04321689442407001
854 7.203158802066012e-09
120 0.1350527859957451
181 1.8328520368093848e-09
875 0.2052802340198141
1167 0.10804222917364602
1664 0.027010563830549453
1385 0.02701056430123176
66 0.021608458075229705
1481 0.0702274499775845
52 0.03781478375448678
680 0.04321689443514328
1404 0.10804222924366005
306 0.04321689446695048
1432 0.12424856325362078
730 7.184802849891092e-09
901 0.07562956123922794
526 0.14045489736957167
1528 0.14585700874819843
1933 0.04861900535928349
59 0.0005390695335853557
418 0.12424856325294836
853 0.23769290239771843
1133 0.05402111639954271
1259 1.0099385494566349e-09
1119 0.1512591201290205
530 9.700963516171002e-08
310 0.1134443405282038
1394 0.16206334289594096
1883 0.21608445680970803
578 0.12424856325385567
1625 0.10804222917432349
1305 0.15666123151099393
415 0.07022744996953954
1453 0.09183589515385374
1889 0.16206334289594096
1496 0.3241266848085952
539 0.1566612315121049
234 0.07022744997494537
1639 0.09723800648545404
506 0.15666123151084502
1123 0.043216894429024745
788 0.08103167252801075
1913 0.09183589515338052
298 0.1458570087476859
36 0.0005399336450890684
1526 0.2538992365936494
704 0.18907389984006373
1659 0.10264011782838785
1929 0.21068234541450412
7 0.010804321120117743
472 0.12965067462236646
1040 0.11884645188874
980 0.10264011776296592
1007 0.0486190053519357
878 0.23769290239788754
1992 0.18367178844943666
1538 0.12965067462194407
296 7.245834751645752e-09
1132 0.09183589515543256
1187 0.010804319476992532
1153 0.010804318821896405
1606 0.14045489737012093
49 0.17826967705886573
1632 0.1242485632522233
1874 0.12424856325362078
594 0.31332246200276637
1524 0.18907389984030978
807 0.04861900534719622
364 0.19987812262617272
667 0.1566612315121049
1671 0.3781477988422695
804 0.37814779884236194
1760 0.1080422291737776
831 0.11344434052966283
1702 0.16206334289594096
1175 0.005403377285262615
1560 0.04321689443710853
1602 8.65879368205924e-10
1224 0.2322907910007334
755 0.05942322745663811
529 0.15666123151114525
1966 0.253899236593705
1694 0.14045489736975117
532 0.08643378383658352
125 0.21068234541467887
936 0.2160844568106389
1645 0.23769290239711316
420 0.07562956123707874
161 0.12424856325421828
93 0.005403355931187196
1077 0.12424856325294836
699 0.05402111640282646
592 0.005403383419445058
1509 0.5726238094400979
871 0.12965067462106084
685 0.15666123151055417
431 0.21068234541473765
1194 0.18907389984068854
766 0.05942322753654602
1972 0.1782696770589989
1956 0.12424856332150884
1162 0.23229079106746503
830 0.16746545428181933
1092 0.07022744997261171
424 0.1566612315112218
1510 0.11344434052910775
783 0.25389923659294156
1477 5.0109264584929925e-09
383 0.16206334289712235
42 0.021608458046231717
252 0.25389923659348335
1118 0.03781478373342341
1014 0.3943541330555475
569 0.10804222910884519
879 0.18367178844911042
1488 0.14585700874760316
1799 1.252907191091543e-06
1993 0.3241266848752151
102 0.22148656820616616
1417 0.08103167260252529
1935 0.07022744990099376
456 0.21608445680953997
1997 0.05942322753341053
1516 0.4159625786736222
247 0.03241267351314272
988 0.14045489737002714
1022 0.17826967705853958
46 0.19447601123298552
1580 0.04321689442536806
313 0.16746545428231435
1954 2.7039400926631707e-09
1382 0.22688867967041476
1597 0.22688867960392428
1291 0.16206334289601573
720 0.3133224620032716
678 0.11884645188849889
855 0.15125912012852297
1887 0.07022744997603841
1890 0.06482533873488268
819 0.21608445674324642
918 0.03241267365346228
749 0.30251823919860965
1055 0.11344434059596575
655 0.07022744997494537
1309 0.1566612315110693
1895 0.2917140163967896
1998 0.12424856325242406
663 0.12424856325385567
545 0.08103167252891849
168 0.037814783734471995
185 0.11884645188748776
662 0.15666123151077144
1169 0.28631190499465037
1977 0.1944760112324335
1846 0.15125912012828352
57 0.054021116395464475
754 2.697407603183266e-08
41 0.010804320102335828
1571 0.08643378383408855
995 0.21608445681010802
86 0.13505278599391235
962 0.21068234541450412
1870 0.0005385197127508243
462 0.21068234541479663
1948 0.0810316725293971
1564 0.07022744989794613
839 0.10264011782735075
959 0.12965067462269567
4 0.021608458019641282
690 0.2052802340201119
1063 0.021608458117686996
1141 0.25930134799290516
1203 0.24849712519511877
1673 0.12424856325362078
1676 0.03241267351043895
1192 0.29171401646370454
765 0.11344434052897338
1064 0.021608457987890448
1879 0.032412673633893406
1878 0.10804222917351637
817 0.16206334289624338
1045 0.11884645196093623
1362 0.07022745005164857
1822 0.4051583558646858
47 0.14045489737002714
205 0.19447601123356248
1905 0.19987812262545482
1026 0.048619005349124576
414 2.694341438500003e-08
1460 0.22148656820633916
1152 0.30251823919855925
304 0.07562956123871642
947 0.04861900536499047
983 0.1134443405282038
1429 0.08103167252758137
596 0.027010564243109565
495 0.10264011782552608
703 0.07562956131380848
835 0.3025182391989661
1391 0.18367178844904622
430 0.11884645188814852
265 0.13505278599520168
85 0.17826967706042235
183 0.08643378383486418
1697 0.11884645189060289
588 0.17826967705906613
1457 0.17286756566928385
1775 0.1296506746225847
1017 0.15125912019642979
706 1.2327971025960505e-08
1505 0.12424856325397517
1018 0.10264011782566577
478 0.054021116397152916
1728 0.15125912012852297
453 0.08103167252915572
801 0.010804320217937646
624 0.10804222910695374
316 0.2214865682059386
584 0.18367178844873056
1988 0.07562956123707874
1044 0.24309501379547768
701 0.1944760112327372
1445 0.17286756573706
1627 0.0324126735187381
1321 1.2734066899338856e-06
723 0.005403380267527611
1552 0.29171401639577094
1973 0.14045489736993422
1107 0.06482533882085449
527 0.20528023401975531
1853 0.2809097935935328
1361 0.08643378383569553
1670 0.13505278599400541
1861 0.04861900534719622
929 0.032412673466263524
1711 0.11884645188849889
1812 0.1296506746220479
1603 0.08103167252657845
390 0.09183589509055663
668 0.07022744996929547
796 0.07022745005096288
571 0.22688867960235787
1465 0.14045489737012093
759 0.22148656820616616
714 0.021608458412123385
91 0.2593013479927414
868 0.14045489736975117
647 0.13505278599400541
214 0.14045489737153283
1171 0.29171401639556355
405 0.21068234541479663
898 0.194476011232923
371 0.12424856325273476
471 0.05402111640058647
84 0.2809097935933231
119 0.2809097935937449
1318 0.043216894316838395
1692 0.17286756566948075
740 0.1674654542820286
379 0.1566612315114551
1842 0.1728675656698859
1817 0.06482533873562038
141 0.2593013479926331
1620 0.09723800648500143
899 0.06482533873081084
314 0.19447601123336727
1774 0.23229079100026792
1880 0.12424856325397517
1085 0.12965067462292115
321 0.05942322753341053
1470 0.2160844568106389
273 0.08103167252779403
1718 0.275507682193781
622 0.11884645188759423
1521 0.005403343138835614
79 0.21068234541444633
1596 0.16746545428154688
731 0.06482533881786867
1727 0.03781478374413703
746 0.24849712519517642
1421 0.3133224620029669
1588 0.22148656820605195
1148 0.19987812269295135
1215 0.09183589515435328
631 0.010804317672348036
790 0.15125912012828352
374 0.12424856325252634
1268 0.24849712519449746
748 0.2214865682056589
251 0.03241267350521781
823 0.4321689128890064
65 0.10804222917404661
1412 0.1188464518883806
1517 0.14585700874744
1313 0.02160845820263379
939 0.1350527859958571
605 0.07562956124003217
928 0.10804222917301702
1953 0.19987812262605031
1367 0.15125912013028403
1012 0.10804222917418407
1938 0.14585700874760316
708 0.06482533873316947
188 0.021608457960326653
1494 0.2430950137956966
1871 4.9220136855154806e-09
1480 0.1296506746896347
498 0.04321689442605226
1740 0.14045489737060368
1247 1.252907191091543e-06
1987 0.06482533873081084
1556 0.06482533873488268
941 0.108042229176154
1131 0.016206361323346925
318 0.10804222910834473
1910 0.07022744997324788
577 0.12965067469211636
1593 0.31872457340523036
778 0.010804319124197556
522 0.29711612779694097
330 0.20528023401963855
623 0.14585700874855598
425 0.22148656820633916
1555 0.16206334289564728
892 1.137562058439734e-09
1409 1.6522393453399786e-09
1985 0.10264011782655075
391 1.4051762253775024e-09
1388 0.17826967705841174
729 0.22688867960252423
781 0.23769290246485122
115 9.601530356027899e-08
1501 0.06482533873223029
1823 0.054021116401127334
768 0.02701056426696072
583 0.21068234548251477
1542 0.34033301895010076
1737 2.6911624460140837e-08
792 0.05942322753505891
1322 0.09183589515704167
1124 0.11884645188849889
461 0.05402111640657373
1456 0.1944760112324335
1013 0.1566612315123593
1952 0.03241267350779742
1695 0.22688867960338427
1150 0.14585700874744
491 0.1026401177638341
1648 0.12424856318854043
468 0.14585700874793864
546 0.12424856325294835
683 0.1674654542822422
1193 0.12965067462163946
1569 0.15125912012852297
513 0.14045489736939565
1137 0.2755076821933391
1032 0.18907389984012477
1338 0.20528023402079065
1236 0.09183589515452571
837 0.11344434039384649
1783 0.21608445681010802
104 0.005403376119301355
1940 0.15125912012797368
648 0.07022744996905722
1986 0.17826967699153018
1082 0.24309501379547768
747 0.17826967705886573
698 0.1350527859944858
1139 0.3295287962107281
1400 0.11884645189060289
8 0.04321689442605226
1062 0.15125912012828352
1982 0.01620636159421147
1755 0.05942322753471061
1222 0.0005393226199646928
1587 0.1026401178259518
964 0.12965067462269567
686 0.14045489736939565
1424 0.32952879621097736
1932 0.07562956123846797
58 0.09723800648826367
1802 0.15125912012782272
1103 0.1296506746220479
773 0.09723800648660005
64 0.08643378383591217
1594 0.07022744997004511
798 0.11884645188803471
1747 0.15666123157967418
1644 0.10804222917599011
43 0.03241267346909797
1083 0.15125912012910592
616 0.16746545428175053
1437 0.19987812262568977
673 0.037814783458970005
270 0.11884645188781154
595 0.31332246200322045
1687 0.32412668480875034
189 0.108042229176154
1996 0.027010564224860634
1051 0.17826967705841174
566 2.047427345719388e-09
1046 0.03241267348887217
1536 0.2268886796035622
105 0.02701056428314874
744 0.21608445681137797
705 0.12424856325305711
1554 0.16206334289579305
710 0.21608445681082022
122 0.19987812262592902
751 0.05402111639507313
48 0.1080422291737776
1916 0.032412673477203065
55 0.010804317136182755
1198 0.1782696770582228
1660 0.16206334289515364
637 0.10264011782655075
1950 0.2809097935931673
1098 0.14585700874752122
636 0.07562956131204764
1768 0.06482533873284906
1519 0.13505278599468512
1484 0.1836717884486067
1609 0.09183589515601288
1865 0.02160845799543384
250 0.3403330190165837
1824 7.198298634242262e-09
448 1.2489323741871061e-08
485 0.09723800648609335
1178 0.016206361089393714
1920 0.19447601123237365
1732 0.28631190499470327
1324 0.22148656820699095
711 9.622144923719655e-08
1787 0.20528023402023285
820 0.1674654542816822
101 0.23769290239711316
1410 0.010804319384026305
856 0.05402111639807139
1563 0.13505278599363907
851 0.27010557079210545
211 0.09723800641762327
1791 0.18907389984018613
1213 0.167465454282608
230 1.2790056605300679e-06
1174 0.16206334289564728
1863 0.07562956124088116
144 0.1782696770584755
1955 0.010804319518986362
1834 0.032412673482770604
50 0.10804222917505052
757 0.14585700874819846
1145 0.07562956123846797
253 0.09723800641921251
1378 2.8173713192275462e-08
487 2.746138171721979e-08
1514 0.09183589515401733
1649 0.08103167253233194
687 0.05402111640527242
191 0.17826967705906613
989 0.15666123151137673
1115 0.09183589515418383
140 0.07022744989724436
1357 0.07562956116460857
924 0.059423227539061665
1016 0.21608445681010802
499 0.1458570087476859
1803 0.1134443405278421
1272 0.3565393532267691
1915 0.054021116403418515
1266 0.10804222917301702
1342 0.16206334289550364
3 0.17826967705828542
394 0.11884645188748776
1989 0.12424856325339131
180 0.11344434053024674
860 0.14045489736897068
1165 0.09723800648731258
510 0.1890738998403721
348 0.15666123151084502
221 0.1080422291749011
332 0.20528023402066473
1532 0.12424856325446698
1579 0.06482533873316947
914 0.04861900524030859
1661 0.11884645188886286
32 0.10264011782595178
917 0.016206361381902634
238 0.11884645188924065
1592 0.04861900534782197
806 0.13505278599520168
657 0.05942322753541658
1415 0.08103167252868539
259 0.17826967705961824
1828 0.06482533873316947
1031 0.15666123151114525
1730 0.14585700874802443
1135 0.03241267349102562
543 0.021608457980608693
288 0.06482533873562038
984 0.2430950137953154
449 0.2917140163955121
1234 0.16206334289601573
651 0.11344434052995114
328 0.12965067462292115
536 0.21068234541473765
945 0.05402111630701267
261 0.22148656820605195
1326 0.032412673495513196
11 0.032412673467651754
540 0.059423227539061665
1849 0.2160844568106389
182 0.16206334289601573
1963 0.06482533873223029
241 0.05942322753951463
1363 0.03781478373048824
1724 0.24309501379547768
1248 0.08103167260361827
1547 0.22148656820599516
1707 0.1674654542831417
1183 0.10804222917505052
1548 0.10804222917475369
187 0.1242485632531672
385 0.20528023402023285
1683 0.03781478373342341
1434 0.10804222903922668
25 0.19987812262557178
893 0.1620633428953621
13 0.11884645188874
1181 0.25389923659348335
245 0.14585700874776938
463 0.21068234534763303
174 0.3079203506006561
460 0.20528023408842214
1831 0.3025182391987108
523 0.06482533865116492
832 0.1566612314437983
575 0.17826967712656971
553 0.02701056427481972
564 0.15666123151069844
83 0.23769290239744048
113 0.17286756566928385
1091 0.0005395571071786327
873 0.08643378383302788
359 0.10264011782751771
117 0.054021116495880275
946 0.04321689443327505
227 0.10264011783031034
619 1.2647604854228514e-06
70 0.09183589515418383
248 0.1566612315112218
967 0.2755076821925914
1745 0.2214865682059386
803 0.11344434052832776
1441 1.252907191091543e-06
16 0.03241267348887217
1898 0.1188464518881485
1672 1.2448566757278234e-08
994 0.12424856325262991
1499 0.14585700874760316
999 0.05942322753694141
244 0.11344434046137904
15 0.04861900534379628
872 0.0324126734978478
489 0.2593013479923652
1161 0.09723800648768488
949 0.11344434052910775
1691 9.601530356027899e-08
1790 0.0864337838370491
1685 0.06482533873108023
1836 0.43757102429398437
1430 0.12965067462154023
1196 0.12965067462163946
1568 0.0486190053519357
1065 0.0005417355316624302
276 0.09723800648713048
1574 0.13505278599488857
538 0.03781478373667494
326 0.1296506746232686
653 0.2160844568112522
134 0.15666123151261982
1377 0.12965067462247498
568 2.711881055134091e-08
231 0.03781478376298872
547 0.20528023401993245
519 0.18907389990747006
1060 5.0164587137024874e-09
1635 0.19987812262545482
10 1.2318770533396514e-06
1614 0.14585700874855598
555 0.2809097935933231
1634 0.1350527859944858
1981 0.04861900534379628
445 0.31332246200322045
957 0.05402111639807139
1407 0.1620633428955752
1731 0.15125912012893583
69 0.14585700874864738
909 0.11884645188990164
278 0.08103167252620522
1800 0.16746545434977408
1270 0.19987812262592905
18 0.1998781226932502
1071 0.054021116405916496
407 0.1134443405278421
342 0.22688867960280562
94 0.05402111639507313
476 3.248906040032029e-09
721 0.09183589515435328
1100 0.25389923659294156
1869 0.18367178844904622
130 0.043216894430653185
27 0.10804222917535548
1914 0.35113724182356326
1772 0.037814783729579804
160 0.3079203506012701
1078 0.06482533873759777
760 0.2214865682062236
106 0.19987812262680227
1821 0.06482533873164073
848 0.11884645189134567
1793 0.09183589515452571
28 0.07022744997324788
1113 0.11344434052966283
913 0.17286756567081862
1605 0.4375710242939407
544 0.1296506746214421
203 0.08643378383728734
1440 5.0164587137024874e-09
1002 0.04321689442605226
978 0.021608458011308482
1881 0.05402111640724418
1389 0.032412673472164796
1349 0.16746545414752798
455 0.22148656820610896
1299 0.14045489736966096
268 0.18907389984068854
2 0.048619005144406154
712 0.17826967705906613
436 0.11344434052924385
562 0.1296506746225847
40 0.1404548973694832
511 0.2755076821930685
628 0.11344434052858084
1820 0.07022744997057405
354 0.08103167252823153
992 0.2430950137957518
196 0.1728675657371957
1447 0.23229079100009684
1698 0.005403358619779674
1327 0.07562956123729828
753 0.11884645188748776
579 0.18907389984107928
689 0.11884645188911318
285 0.11344434046085991
493 0.08643378383466509
922 0.1620633428952921
1463 0.16206334289579305
1218 0.09723800648695101
797 0.24849712519438696
1656 0.1728675656694147
1072 0.11884645188781154
1604 0.19987812262563062
825 0.1566612315110693
14 0.10264011782820905
1138 0.037814783877763866
1197 0.05402111639854931
186 0.05942322753734631
1678 0.21068234541479663
1298 0.22148656820628124
1527 0.1566612315123593
1084 9.578382416733366e-08
1720 0.09723800648625965
1736 0.08643378390579431
660 0.07022744997057405
397 0.25389923659315616
128 0.14045489736948322
1284 0.18367178844904622
1601 0.0005395107494359
1771 2.31467270350727e-09
226 0.2376929023980584
944 0.13505278599478632
149 0.16746545428161433
1598 0.18907389984107928
1852 0.04861900534432094
1073 0.19987812262667398
1348 0.1836717884485453
97 0.14045489736939565
1184 0.3403330190169257
1643 0.1296506746218414
948 0.14585700874819843
1937 0.18367178844904622
1358 0.04861900534782197
920 0.1458570087487396
1682 0.11884645188886286
1762 0.0702274499723027
24 0.07562956123686396
1061 0.0918358951558164
1780 0.27010557079200104
642 0.2917140163961929
1990 0.1674654542821705
661 0.17826967705860403
193 0.10264011782525335
718 0.10264011782580766
129 0.1674654542814134
1795 0.1620633428952921
1405 0.010804318569564042
301 0.010804319124197556
1748 0.0756295612454542
1479 0.1296506746220479
646 0.07022744997170267
1710 0.10264011789487636
849 0.0005387863820560838
769 0.12424856325327858
629 0.22148656820616616
1094 0.016206361239110897
1961 0.06482533873417505
484 0.11344434052808154
1199 0.1134443405282038
387 0.2701055707929085
1323 0.15125912012919202
197 0.19447601123231406
1789 0.09723800648561
345 0.04321689443710853
955 0.11884645188963248
1924 0.13505278599468512
1304 0.10804222917404661
358 0.059423227546897266
222 0.08643378383591217
376 0.07562956123707874
1227 0.037814783734471995
1149 0.12965067462399749
906 0.06482533873349725
1208 0.005403388468642527
876 0.26470345939235956
609 2.3141409760674136e-09
858 0.15125912012844248
1599 0.09183589508583058
1696 0.06482533873193186
1848 0.29171401639566696
355 5.01396175967006e-09
907 0.09183589515385374
155 0.14585700874864738
833 0.1782696770599044
1356 0.10264011782639762
243 0.11884645189119374
1024 0.13505278599346177
1550 0.23229079099992758
1833 0.17826967705906613
1126 0.0005396106404792606
169 0.23769290246479555
1020 0.04861900534912457
1709 0.10804222917520197
400 0.2538992365938732
512 0.06482533873284906
1101 0.3619414646304979
1286 0.19447601123237365
756 0.18907389990862564
1675 0.20528023402029372
925 0.09723800648530062
1229 0.2971161277968393
454 0.09723800648561
82 0.20528023401987314
1332 0.11884645189003865
728 0.2917140163952566
818 0.18907389984012477
362 0.10804222917326287
1310 0.22688867960291964
1743 0.16206334289647611
123 0.1620633428957199
1201 0.12965067462106084
963 1.3023662565059269e-09
164 0.1188464518883806
1369 0.07562956124059314
1947 0.19987812262623433
1179 0.1188464518886187
100 0.29171401639582323
1884 0.2917140163956152
5 0.010804318462008149
469 0.09723800655413005
1515 0.05402111639954271
581 0.22688867960258008
1908 0.10804222917432349
1231 0.20528023401993245
834 0.02701056425956838
167 0.27010557079210545
444 0.12965067462173988
275 0.07562956123896973
447 0.19447601123369426
159 0.027010564252639608
1106 0.07022744997170267
1438 0.010804319990007645
516 0.054021116395464475
1999 0.16746545428161433
1261 0.09723800648749739
572 0.15666123151099393
613 0.11884645189031748
1317 0.12424856325262991
780 0.14585700874960805
785 0.10264011789441989
490 0.10804222917791097
1864 0.11884645182164176
1461 0.06482533873488268
1087 0.07562956123949108
627 0.24849712519411382
1249 2.7155686543184343e-08
982 0.12965067462163946
1520 0.14585700881561722
373 0.11344434052845345
800 0.1296506746214421
1850 0.17826967705906613
366 0.1674654542814799
504 0.14585700874760316
1189 9.608090845505957e-08
737 0.2593013479936335
1666 0.09723800648625965
1376 0.04321689454325997
1256 0.0918358951568297
1655 0.1296506746218414
1336 0.03781478374550628
1896 0.11344434052924385
836 0.14585700874819843
1302 0.08643378383658352
1329 0.15125912012893583
1840 0.08643378383728734
154 0.037814783740245224
1121 0.19447601123336727
587 0.15666123151137673
617 0.16206334282874552
1319 0.13505278599372916
1814 0.1782696770586689
481 0.1242485633225139
1722 0.15125912012836265
904 0.043216894436113734
135 0.02701056431099391
684 0.07022744997004511
1630 0.19447601129994807
650 0.14045489736975117
71 0.19447601123323877
295 0.1674654542820993
560 0.1134443405288408
179 0.01080431730237394
1611 0.08103167252823153
1631 0.22688867960252423
1808 0.11344434052870994
1949 0.25389923666070474
677 0.15666123151091918
388 0.14585700874785362
1577 0.13505278599488857
311 3.8727969789431604e-09
367 0.05942322753471061
1164 0.010804319384026305
1140 0.15666123151099393
1390 0.05402111639807139
738 0.11884645188748776
192 0.08643378383286293
866 0.07562956124003217
895 0.11884645188781154
220 0.3403330190167296
370 0.03781478360800584
1000 0.0864337837720322
300 0.12965067462194407
1943 0.04321689443419708
254 0.12424856325242406
1168 0.0972380064845716
1858 0.03781478373143161
809 0.12424856325273476
1838 0.24309501379608686
1337 0.01080431988093889
212 0.151259120128686
80 0.19987812269445202
1584 0.021608458384011518
808 0.19447601123219574
1681 0.06482533873678381
237 0.11344434052796099
700 0.23229079100044087
968 0.14585700874811106
724 0.09183589501597413
1487 0.15125912019626175
1549 0.09183589515704167
338 0.10804222917551103
1459 0.1134443405288408
446 0.04861900534279704
325 0.3025182391994872
1964 0.2430950137959744
1826 1.230816206593266e-08
204 0.19447601123286076
975 0.1566612315117749
1406 0.0756295612375226
1214 0.1134443405282038
1130 0.30792035060116635
1293 0.12424856325284091
357 0.2052802340196968
1969 1.3025350659168211e-09
1860 0.1296506746249074
542 1.0712315340333234e-09
337 0.24849712519395203
1251 0.03241267351043895
824 0.16746545428231435
1900 0.06482533873417505
427 0.09183589515452571
1575 0.10264011782820905
1220 0.11884645189017724
1112 0.19447601123261485
1585 0.25930134799312604
1529 0.23229079099953961
150 0.12965067462215293
417 0.19987812262574917
1867 0.05402111640527242
1375 0.06482533873054865
933 0.11344434053009804
693 0.30792035060060574
1034 0.016206361517275062
474 0.167465454282608
771 0.11344434052966283
767 0.02701056431605707
382 0.23229079099987157
1035 0.11344434052938174
1679 0.16206334289594096
1114 0.05942322753694141
1294 0.05942322755271204
528 0.16746545428275786
1335 0.09183589515385374
541 0.2647034593926298
1665 0.12424856325485066
882 0.2701055707925292
176 0.2917140163955636
1504 0.0918358951547011
323 0.02701056429653164
591 0.1890738998404977
442 0.08643378383752921
393 0.14585700874752122
1626 0.06482533873223029
956 0.20528023402041626
1805 1.3020287209508652e-09
450 0.35653935322705554
793 0.09183589515401733
223 0.043216894440239816
857 0.11884645188898724
1851 0.1728675656696814
669 0.04321689418978643
1558 0.12965067469017572
979 0.0486190053519357
1650 0.06482533873759777
1186 5.011421083667145e-09
1825 0.11884645188898724
695 0.07022744997324788
1779 0.1566612315114551
324 0.24309501379677825
1433 0.09183589515338052
970 0.15125912012805015
1219 0.1080422291737776
813 0.1242485632522233
952 0.08643378383506674
1658 0.1566612315112218
1539 0.09723800648545404
1777 0.1188464518886187
1647 0.03781478374280385
1379 1.2079005615173166e-08
915 0.0486190052547521
602 0.12965067462303573
1157 0.07022744997679865
158 0.016206361469425994
202 0.16206334289522262
1282 1.8190479400548298e-09
1739 0.08103167252868539
518 0.14585700874828658
1050 0.35653935329394554
840 1.6726789814347498e-09
634 0.20528023401963855
1875 0.18907389977336794
440 0.0864337838354824
1081 0.4267668014842877
649 0.032412673524586044
1738 0.15125912012852297
1341 0.10264011782624675
1719 0.0005400490992966455
610 0.005403355931187196
1411 0.2430950137956416
1264 0.09183589508529777
1109 0.1836717884495697
931 0.18367178845004734
1462 0.32412668480793716
574 0.10804222917475369
589 0.07022744989690233
827 0.09723800655598427
477 0.10804222910786289
1454 0.07562956131676718
1921 0.1404548973044157
733 0.1674654542820286
1238 0.01620636173638692
344 0.043216894429024745
1868 0.275507682192908
1715 0.2593013479260841
987 0.05942322753654602
1345 0.05402111639903974
1690 0.18367178844930504
1366 0.10264011782498943
1246 0.22688867960258008
1265 0.11884645188886286
1491 0.18367178844984033
805 0.23769290239771843
457 0.14585700874744
1241 0.08103167252737276
340 0.09723800648787509
441 0.11884645188826382
1495 0.17286756567030676
664 0.11344434052910775
428 0.25389923659353847
1686 0.24849712519472072
1350 0.31332246200322045
1473 0.11884645188911318
386 0.08643378383446945
640 0.2755076821934486
291 0.14585700874819843
534 0.29711612779724905
935 0.20528023401963855
1306 0.17286756573797402
736 0.33493090761344946
1216 0.17826967705893212
365 0.07562956123686396
1011 0.12424856325565721
1128 0.14045489736984226
127 0.1674654542820286
676 0.04861900535422616
1873 0.18907389984094763
986 0.21068234548251477
1188 0.08103167252638986
334 0.010804319294245334
1146 0.11884645188924065
378 0.16206334289515364
286 0.14045489736975117
1471 0.06482533873081084
294 0.11884645189197078
770 0.11344434052845345
735 0.11344434052897338
1925 0.10804222917599011
173 0.08643378383372138
1784 0.36734357603426526
63 0.20528023401952272
361 0.23229079093360577
1663 0.1620633428965548
1651 0.23769290239733065
1830 0.04321689443419708
1621 0.29171401639646166
670 0.14585700874828658
1392 0.16206334289616695
1919 0.1620633428955752
1951 0.10264011782990591
1590 0.0005401302239544419
625 0.10804222917313898
1221 0.21068234541503505
1508 0.09183589515322857
795 0.1620633428965548
679 0.2647034593931271
1746 0.0702274499719997
675 0.059423227537760755
1525 0.10264011782655075
1314 0.032412673524586044
240 0.08643378383777478
966 0.11344434053217842
1371 0.14585700874981067
356 0.1674654542829866
1253 0.0810316724586098
1642 0.12424856325327858
209 0.21608445680953997
1995 0.1296506746222591
1680 0.10264011782566577
741 0.12424856325273476
1751 0.2647034593933529
1258 0.021608457960326653
1573 0.23769290239783097
877 0.23229079099981575
598 0.1674654542816822
1653 3.869627604458081e-09
1773 0.16206334289601573
1708 0.11884645188826382
932 0.18907389984062456
998 6.749961700691642e-10
1983 0.08643378383527282
1758 0.10264011782595178
828 0.0864337838370491
289 0.156661231510626
1316 0.06482533873417505
136 0.016206359951830993
1562 0.15125912012820505
784 0.3511372418231309
1428 0.1944760112327988
1451 0.2647034593920406
976 0.08643378383591217
1205 0.1944760112324335
802 0.3403330190173238
1260 0.13505278599363907
626 0.19987812269368044
815 0.05402111639854931
1897 0.399756244459999
1458 0.18907389984018613
1330 0.19987812262592902
1770 0.059423227537760755
1108 0.005403359392234307
1705 0.0918358951547011
1122 0.08643378383286295
732 0.2376929023981158
606 0.064825338732536
410 0.08103167252891849
184 0.059423227537760755
580 0.17286756566995493
1638 0.016206361210057595
256 0.10264011782768699
844 0.1566612315110693
557 0.253899236593705
224 0.027010564224860634
1001 0.16206334289687555
1669 0.043216894438127734
1586 0.09183589515983538
1156 0.2106823454142744
274 0.1512591201290205
943 0.043216894429024745
1086 0.19987812255975898
121 0.09723800648660005
525 0.18907389984018613
1057 2.694341438500003e-08
483 0.11884645188803471
352 0.07022744996978941
1217 0.05942322745663811
403 0.14045489730268432
501 0.0810316725291557
