ER512
512
uniform_structure0-01
800
1590 0.020000435978828238
1526 0.5100000041736654
253 0.14000002287125993
1828 0.0900000359945892
748 0.2700000939038862
1217 0.11000002942349195
722 0.24000009556293267
205 0.3200000087801607
408 0.07000004613824735
355 1.454384990669244e-07
1114 0.09000003600787018
1107 0.20000001545853907
281 0.10000003239989826
1717 0.14000002287798113
1008 0.25000001193552807
144 0.2800000103840513
1208 0.060000053808003766
1223 1.4543226022067923e-07
410 0.1200000268732672
65 0.07000004612011229
1421 0.4600000050650995
1684 0.19000009946674062
1220 0.10000003241655894
1327 0.07000013472763755
1308 0.430000005711313
835 0.3100000091385789
153 0.2600000944221107
1283 0.2100000146274786
1417 0.11000002940009544
1072 0.30000000951592004
1410 0.0011020106000749644
1938 0.19000001637444602
251 0.07000004613989556
1800 0.2300000131709399
1249 2.2946209683044616e-07
950 0.23000001315919558
1455 0.1400000228494161
1594 0.15000002121918568
649 0.11999994313196552
392 0.2900000099463345
623 0.23000001316926216
1922 0.11999994310920849
172 0.19000001639630848
1820 0.13000002471843386
1883 0.3600000074510364
1666 0.09000003602114948
1213 0.4600000881472258
163 0.21000001461067938
1603 0.01000427794026668
23 0.20000001544341092
1874 0.18000001739912627
1004 0.14000002287294025
389 0.25000001195563504
77 0.029999997496474362
1195 0.2300000131893943
1811 0.10000003240323053
1997 0.01000427788674334
190 0.31000000912019143
1184 0.34000000810202846
1197 0.10000003239489971
1416 0.38000000690154245
391 2.0479272000439863e-08
1619 0.19000001636435562
1808 0.13000002473353733
1409 4.277198788184278e-06
1851 0.20000001545349638
504 0.11000002939842418
406 4.359506966984672e-07
1775 0.2199999308252145
409 0.020000435972157206
1702 0.22000009691139175
613 0.060000053793128554
1909 0.21000001461235931
211 0.1300000247234684
778 0.09000003600122991
829 0.11000002941012278
417 0.37000000716731696
827 0.31000000913356435
259 0.40000000640986727
1341 0.10000003238823472
1872 0.29000000995302466
399 6.308880853601873e-07
1244 0.3200000087534231
320 0.44000000548509693
1366 0.11000002938505363
1541 0.05000006539780246
1081 0.7100000015350394
844 0.27000009390892016
975 0.22000001386645177
900 0.4700000048686878
805 0.4700000048720287
614 0.37000000718234693
1125 1.454384990669244e-07
1369 0.03000014536120681
1873 0.4400000054734071
994 0.3200000087517519
317 0.060000053771616574
1714 0.16000001983098622
554 0.24000001252788172
1376 0.08000004044539108
210 0.15000010456105264
338 0.3800000068982026
1472 0.27000001085729286
1858 0.08000004044043
1699 0.6900000017269804
603 0.360000007477758
269 0.25999992833340635
967 0.6000000028137332
1138 0.1000000323982321
1206 0.25000001192379806
1091 0.030000145365370802
676 0.0100042779762258
1901 0.04000008730450942
46 0.28000001040412975
565 0.030000145367442416
1682 0.2900000099496796
549 0.0600000537699605
1389 0.08000004044373743
972 0.180000100546101
1445 0.2300000131642289
1477 4.640807849121131e-08
1606 0.2000000154551773
1832 0.2600000113797423
1955 0.04000008733161303
884 0.22000001387988216
1153 0.02000043595476962
1994 0.15000002122254896
755 0.2500000119422306
85 0.020000436039531763
1753 0.3700000071773371
179 0.03000014533562618
1005 0.29000000993629876
218 0.15000002123263895
254 0.10000003239323349
810 0.0011020183506487435
1012 0.11000002940176669
249 0.2100000146241188
1737 0.01000427789588308
53 0.240000012514468
958 0.4700000048937434
1530 0.1800000173823031
1329 0.29000000995135217
715 1.4542240517334548e-07
691 0.14000002285949786
1156 0.36000000745771715
97 0.18999993328133052
522 0.5300000038241933
340 0.15000002123936565
857 0.2700000108757067
1917 0.23000001315583996
125 0.4700000048753696
911 0.5100000041636378
1993 0.5700000032375565
1691 0.0011020129616363646
1024 0.21000001460731946
1992 0.4300000887865644
0 0.13000002471507754
321 0.07000004610196833
573 0.25000001193385235
1715 0.5700000032442502
361 0.38000000692158015
1471 0.08000004044208374
157 0.49000000453434994
135 0.139999856138326
823 0.6700000019855584
696 0.0011020152060364147
1121 0.26000001140318807
240 0.14999993797053193
1887 0.270000010884076
968 0.20000001547366703
1741 0.1900000994735394
1146 0.11000011354425852
209 0.4600000050567481
1379 0.07000022287989437
277 0.1600000198360336
863 0.22000001387484583
582 0.3700000071639768
841 0.26000001137639267
1154 0.2400000125178215
1727 0.10000003239489971
71 0.33000009147174325
1404 0.14000010628153464
1950 0.5000000043238414
1747 0.16000001981920908
612 0.42000000590063513
1962 0.08000004045861883
10 0.0011020221237130106
1581 0.05000006540119506
803 0.2800000103840513
1731 0.26000001138979084
501 4.359096526761197e-07
1558 0.2700000108706849
496 0.29000000996974895
650 0.270000010867337
337 0.3600000074543768
929 0.07000004610361817
1985 0.14000002284773583
893 0.2800000103840513
1050 0.7600000009880568
140 0.09000003603774634
407 0.19000001636435562
1708 0.20000001544677273
677 0.3100000091302212
1991 0.2600000113780675
1722 0.2800000103940908
396 0.27000001086231495
177 0.4100000061571991
188 0.001102019339139841
881 0.23000001317429533
799 0.23999992951449467
1908 0.18000001738566773
1131 0.01000427794593985
310 0.17000001853093044
508 0.5100000041536098
1006 0.16000001979902007
117 0.18000010052054558
1246 0.5100000041502671
1823 0.0011020055298235061
1688 0.21000001462075898
306 0.11000002943184732
1390 0.0400000873154047
1309 0.1300000247268247
1867 0.29000000995469716
876 0.4200000059106546
1192 0.4100000892497627
1894 0.04000008728986685
628 0.2100000146157192
589 0.10000003240656274
1315 0.2700000108706849
1441 0.1000001170166541
1780 0.42000000589729525
1159 0.360000007477758
1427 0.30000000952260847
1730 0.280000010395764
974 0.24000001252117495
1885 0.15000002123095726
988 0.3200000087684636
594 0.41000000613883125
207 0.3100000091619782
954 0.4400000054734071
638 0.130000024710043
1399 0.3200000087550944
483 0.25000001192882526
359 0.05000006541305035
1626 0.11000002939006769
1588 0.38000000689486274
777 0.29000000994466185
286 0.08000004046027212
843 0.3600000074643977
1219 0.15000002121918568
1921 0.14000002289478425
959 0.1899999332929758
1438 0.16000001980911452
804 0.6000000028170825
280 0.020000435951168898
527 0.18000001738398538
966 0.2000000155022414
590 0.07000004612176129
1168 0.17000001851073965
633 0.07999995374260303
304 0.17000001852924787
468 0.15000002123263895
1303 0.2900000099630594
963 1.9253251049011766e-08
708 0.19000001636603733
371 0.2800000103857246
82 0.20000001546190088
1978 0.27000017698404644
105 4.277282320381062e-06
16 0.03000014535279473
372 0.1700000185342956
1 0.05000006541643229
512 0.11000002940009546
394 0.1500000212124591
1105 0.34000000806861924
1172 0.3500000077588429
553 0.0011020117954337154
826 0.38000000690321234
686 0.2800000103790313
208 0.13999993947211462
1254 0.18000001740922028
1572 0.05000006541981192
1442 0.28000001039074435
1000 0.1799999343304928
743 0.35000000776218354
487 5.566419529217173e-06
347 0.1500000212511375
1618 0.1200000268732672
1375 0.08000004043712242
327 0.3000000095309686
1333 0.07000004613165377
1982 0.1100000294151363
894 0.030000292556833844
1694 0.19000001638285463
1094 0.08000004044208374
1522 0.44000000548008705
1627 0.10000003240822881
1776 0.05000006540627946
328 0.12000002689336929
756 0.2200000138765246
869 0.18999993331293907
1071 0.18000001741258495
849 0.010004277927450535
903 5.4019012672712474e-08
1628 0.36000000747608807
1103 0.19000001637780947
699 4.277240786802403e-06
1027 0.25000001195228405
622 0.28000001037735794
1430 0.19000001637108252
1850 0.43000000569127506
1527 0.2200000138832397
1469 0.21000001463587803
941 0.16000001981247935
220 0.6400000023117529
1077 0.20000001545349638
50 0.15999993659873135
1400 0.29000000995302466
1187 0.17000001852756527
1232 0.13000002470333025
1032 0.25000001192212234
1989 0.24000001252452838
1598 0.1800000174142673
1415 0.2700000108807283
790 0.2600000113763927
1424 0.4000000063965098
754 0.02000043595476962
470 0.2799999273479162
621 0.30000000952595257
1593 0.36000009052694243
4 0.10000003239656591
400 0.3300000084335803
630 0.22000001387820337
983 0.17000001852420013
723 0.04999996378424377
714 0.02999999749313633
1252 0.030000145381753513
1822 0.5700000032542902
1562 0.1400000228510964
1548 0.2900000099429893
419 0.250000011930501
908 0.14999993796888275
1258 0.05999996026547797
83 0.3300000084068488
431 0.2900000099496796
1869 0.23000001316087335
1569 0.2100000146274786
1476 0.42000000592902254
1576 0.2600000113797423
1920 0.27000001085729286
957 0.15000002122759393
1949 0.5700000863218361
1048 0.33000000841687366
890 0.2100000146257987
940 0.13000002471843386
342 0.1300000247234684
1685 0.10000003237990307
701 0.39000000663767287
1770 0.11000002940343794
1070 0.1400000228527767
492 0.2200000138597364
596 0.020000435951168898
1871 2.0953269073281655e-07
1902 0.42000000590564496
731 0.2100000146241188
424 0.3300000084018362
494 0.3200000087701346
178 0.11000011354078751
1692 0.27000001085729286
741 0.23000001315248433
977 0.15000002126795467
1200 0.2900000099396441
1225 0.5400000036761765
197 0.34000000806694863
601 0.12000002689001901
1049 0.17000001851073965
411 0.10999994532209437
1986 0.440000005481757
1846 0.22000001386141524
1109 0.38000000689486274
1448 0.5600000033721995
1483 0.010004277966850984
1241 0.14000002284773583
68 0.39000000663767287
1532 0.14000002286789934
415 0.12000002686321584
877 0.27000001086064096
364 0.4500000052765399
308 0.21000001462075898
1580 0.02000043594752668
1173 0.2500000949694429
577 0.18000001742604366
1224 0.26000001140653717
1596 0.34000000806694863
1859 0.2900000099346261
888 0.24000001250943767
679 0.5400000036979155
1833 0.3400000080753017
497 0.3000000095493594
750 0.180000017392397
1449 0.0011020173322160702
1157 0.07000004613659906
581 0.34000000807363107
1732 0.2600000113998388
1987 0.12000002686321584
839 0.18000001740753793
874 0.19000001638453637
1500 0.5500000035540209
1191 0.20000001545181545
834 0.1600000197922905
1029 0.30000000951926425
319 0.08000004047019103
382 0.42000000590063513
1843 0.6300000024453918
575 0.4000000063814816
1124 0.18000001739071467
219 7.120621926121062e-08
971 0.37000000715896647
1325 0.1300000247352155
923 0.1400000228410147
1646 0.3400000081003582
1943 0.12999994116883376
904 0.09000003600953019
1446 0.23000001316758442
1010 0.10000003240822881
724 0.10000003240323053
1214 0.2800000103840513
1360 0.23000001315583996
3 0.2600000113663435
1234 0.20000001546190088
1809 0.19000001637276429
1559 0.35000000775216145
1769 0.1700000185443912
1084 0.0011020221237130101
1888 0.2100000146425975
184 0.13000002471172117
1205 0.20000001544677273
1936 0.21000001460731946
1952 0.15000002123768397
341 0.00110201733221607
953 0.2300000131810061
350 0.31000000912186304
1653 5.401901131962816e-08
95 0.42000000591399433
746 0.589999919881504
1906 0.27000001085896685
1169 0.3000000095393283
637 4.277156326877238e-06
1250 0.32000009180783073
825 0.29000000993295333
670 0.25000001193385235
165 0.03000014537972917
1293 0.18000001738398538
1330 0.29000000995636965
855 0.23000001316758442
49 0.270000010865663
74 0.1400000228510964
64 0.17999993428564146
770 0.1500001045370234
336 0.08000004044704469
866 0.16000010302687862
1067 0.5600000033855833
1565 0.17000001852756527
1797 0.13000002471507754
1912 0.26000001136801837
1664 0.12999977446173017
173 0.1500000212208673
1661 0.19000001638453637
751 0.15000002121414074
542 2.986413366601326e-08
990 3.637990525495738e-08
158 0.159999936593769
626 0.38000000690321234
1440 0.001102014098548304
1021 0.3000000095209364
387 0.40000000640986727
1551 0.3000000095309686
1925 0.15999993662188883
513 0.22000001385637866
1037 0.13000002470333025
343 0.15000002122759395
296 0.0010899850104122142
28 0.0010899850104122148
1092 0.06000005378485838
1592 0.020000435965324644
1268 0.4700000048787103
104 0.04000008732262802
1781 0.46000000506342925
713 0.030000145342118974
1436 0.4800000047052631
1560 0.1700000185376608
1523 4.277363983128807e-06
1525 0.2200000138630941
1566 0.08000004047514998
1905 0.25000001192714955
1102 0.4400000054951163
1297 0.140000022854457
774 0.12000002687661762
1161 0.3000000095426721
1412 0.250000094976169
1207 0.4000000063931703
446 0.09000003598794806
1274 0.18000001740417326
1019 0.2000000154686244
1147 0.2500000119506085
1578 0.27000001086231495
515 0.21000001464091764
335 0.21000001464427734
298 0.35000000775216145
233 0.19000001637780947
1585 0.020000436006891196
462 0.3900000066309934
1969 0.08000004046192537
1119 0.360000007477758
611 0.060000053791474876
1340 0.1600000197838786
212 0.1800000173940793
403 0.2700000108723588
870 0.20000001546526264
1877 0.2100000146291585
428 0.4200000059106546
1892 0.48000000470025156
1083 0.250000011930501
680 0.1300000247217902
1199 0.170000018520835
1854 0.3900000066276535
279 0.11000002940845159
1932 0.03999997089010193
1465 0.1500001045387397
291 0.23000001316255114
154 0.16000001979565526
22 0.30000000952762457
261 0.3299999253550613
445 0.44000000548509693
1719 2.3451041247790627e-08
1020 0.05000006540627946
386 0.2200000138530209
1287 0.2900000099580421
1825 0.04000008730450942
123 0.4400000054750771
1545 0.4000000063965098
1346 0.37000000718735665
199 0.09000003598628771
231 0.1700000185393434
1645 0.4000000063697922
568 0.04999996377090632
1701 0.2100000146274786
141 0.5400000036761765
14 0.2600000113981642
1945 0.28000001038907113
418 0.25000001192547383
266 0.18000001738398538
1913 0.20000001544509183
1927 0.46000000509683264
1521 0.049999963778309175
1248 0.12000002690174492
1539 0.12000002687661762
139 0.3900000066309934
171 0.2600000113780675
159 0.060000053771616574
235 0.3500000077555022
752 0.6600000020752249
41 4.3591492436545476e-07
695 0.1300000247268247
42 0.05000006541643229
792 0.20000001545013457
60 0.360000007471078
1236 0.17000001852756527
1230 0.24000001252788172
1575 0.29000000995636965
1190 8.745908152557602e-08
113 0.23000001315416216
788 0.1800000173940793
831 0.16000001980070247
192 0.12000002685986533
830 0.40000000637647193
1111 1.7198040186405805e-08
851 0.4400000054650569
982 0.240000012514468
733 0.3400000080803133
912 0.13000002471843386
600 0.20000001544677273
169 0.2800000103991104
627 0.3200000087550944
383 0.3400000081036988
373 0.3100000091302212
1709 0.2300000131642289
880 0.09000003599790961
588 0.2899999269046067
1752 0.20000009852571943
495 0.3200000087601079
284 0.2600000113713682
1098 0.2600000113747179
1547 0.33000000841186133
640 0.33000000844527394
673 0.1199998594616542
740 0.19000001637612773
969 6.560219651535748e-08
562 0.26000001138309187
1542 0.4799999216221687
1621 0.5500000035490032
1528 0.3000000095343125
1291 0.270000010865663
180 0.220000013873167
767 1.4542685752502726e-07
491 0.25000001196233695
131 0.12000011071435801
927 0.08000012707518456
1971 0.1900000163694008
244 0.07000004613989556
1314 0.03000014537156507
369 0.27000001087403275
1517 0.19000009946164148
738 0.18000001737893848
678 0.31000000913690734
1896 0.1900000163794912
1742 0.23000001314912866
532 0.11000002942349195
1041 0.07000004612341021
130 0.1700000185157873
420 0.21000001461235931
1878 0.22000001385637866
1505 0.3399999250427557
1221 0.12000011070224982
1508 0.19000001635931044
905 0.20000001545853907
1240 0.25000001192547383
12 0.40000000637981176
33 0.6300000024286306
1898 0.20000001545181545
1394 0.3700000071656469
1233 0.2700000108556188
925 0.12000002686991679
1317 0.14000002284773583
368 0.1700000185258827
436 0.2200000138597364
1529 0.30000000951926425
948 0.22000001386477291
1815 0.35000000775216145
1750 0.5200000039832531
1928 0.39000000663600304
1758 0.19000001637612773
1377 0.20000001545853907
1919 0.22000001385469978
1372 0.15000002125618264
1601 5.1371213138484e-06
426 0.2500000119472574
1764 0.060000053791474876
1364 0.19000001637108252
692 0.4100000061338216
1266 0.20000001544004906
1697 0.21000001464595716
96 0.25000001191877075
1485 0.07000004611186617
1336 0.010004277972128248
1228 0.7200000013947633
973 0.27000001089244485
1148 0.3300000084001653
1431 0.5100000041569525
1577 0.20000001545853907
1734 0.23000001315080648
1608 0.24000009556124888
132 0.4300000056962847
1995 0.27000001086064096
632 0.14000002285613727
1245 0.11000002941346515
393 0.16000001978219625
1459 0.19000001636603733
1078 0.14000002286621904
1778 0.5800000031047399
901 0.17000001852251756
1101 0.5200000039982975
1501 0.23000001315248433
138 0.14000002285613727
285 0.1400000228510964
987 0.0600000537699605
1015 0.25000001192212234
541 0.3900000066476917
31 0.1300000247167557
1055 0.25000001192379806
108 0.30000000952260847
471 4.6408262371899767e-08
195 0.11000002941680746
1923 0.1900000163862181
1158 0.28000001040412975
1635 0.3200000918178675
1403 0.46000000507345074
718 0.29000000994800706
1836 0.7200000014098897
27 0.16000001979733766
215 0.2800000103991104
1673 0.1499999379375478
245 0.1199999431043323
267 0.42000000593403164
1257 0.19000001636603733
69 0.14000002288134178
1426 0.2600000113780675
134 0.270000010897466
1502 0.2600000113696933
1573 0.43000000568793517
523 0.05000006540119506
538 0.14999993792930166
789 4.358881705544826e-07
599 0.31000009219086466
121 0.15000002123095726
1706 0.23000001315751778
1045 0.20999993160258468
290 0.15000002125281922
102 0.3300000084135321
223 0.030000145365370802
585 0.5100000041736654
1097 0.13000002473857178
1632 0.23000001314912866
1135 0.12000002688164318
37 0.4900000045076182
473 0.08000004045365872
1357 0.040000087333404245
1504 0.16000001979565526
1080 0.04000008731359388
256 0.30000000952762457
1956 0.17000010170052474
433 0.3900000897021212
434 0.270000010865663
160 0.5200000040033123
745 0.22000001385134202
1039 0.08000012704512682
1916 0.010004277927450535
1767 0.28000001041082206
529 0.28000001038907113
1940 0.38000000688484276
928 0.1400000228393344
1695 0.37000009024840347
444 0.3400000080803133
1302 0.21999984779241055
1362 0.41000000614885024
18 0.22000001386645177
769 0.1900000163694008
980 0.3400000081003582
30 0.16000001981247935
1798 0.45000000526150896
1840 0.18000001740585558
203 0.14000002286453875
1933 0.08000004047184406
1999 0.30000000951759215
942 0.13000002473018102
739 0.22000001386477291
374 0.22000001385805754
439 0.11999985951227438
351 0.09000003598794806
206 0.5300000038425843
441 0.2699999278280537
1468 0.29000000996473185
1831 0.3200000087550944
1163 0.29000000993629876
706 5.4019009210204416e-08
1301 0.05000006541981192
1033 1.4542904051492722e-07
1407 0.28000001039074435
1120 0.28000001038907113
1777 0.2100000146257987
1462 0.6200000025531235
895 0.20000001544004906
1272 0.5600000033721995
1782 0.37000000718735665
579 0.2700000108941186
1616 0.1100000293934103
193 0.2200000138479842
951 0.27000001086231495
1514 0.07000004610526792
1726 0.39000000663600304
334 8.746214628235771e-08
313 0.3000000095426721
584 0.39000000662264367
1518 0.0899999506537452
1583 0.37000000717065706
35 0.400000006406528
776 0.21000001462075898
257 0.14000010628669657
168 0.08000004044704469
1676 3.410874634124372e-08
1976 0.18000001738566773
225 0.6100000026887047
425 0.38000000690822194
66 0.09999994782138244
935 0.3500000077588429
704 0.34000000806694863
1817 0.32000000876679247
833 0.14999993796723357
1639 0.12000002686321584
1253 0.05000006543162281
120 0.22999993015489034
591 0.20000001546190088
1074 0.28000001039743716
435 0.18000001741258495
1857 0.12999994115902175
1216 0.41999992284216364
1520 0.260000011373043
332 0.30000009260123955
1130 0.5200000870842487
1829 0.3200000087484094
