power768
768
uniform_structure0-01
1600
1296 0.23417471959692693
178 1.4941676417246086e-06
1692 0.19000022249176968
1515 0.15041217226195797
313 0.27000016483096034
1988 0.23000023458816596
1750 0.2039870022505457
737 0.19816287463935273
289 0.45000008056930096
291 0.12041226178101101
706 0.223219640986049
1419 0.14000031178027972
217 0.2816247718494033
385 0.10000048524993511
779 0.29184145526136146
926 0.18000024802955314
1615 0.17000025217237358
876 0.11523654192452279
1208 0.07270205893887689
1939 0.22266369954437645
830 0.09558335288107207
1621 0.28247340594273074
857 0.390000123439566
516 0.26671357003939816
288 0.3272988534251918
1994 0.40184133579905107
1761 0.26457219781622987
1237 0.18000018778828278
24 0.09649685000522366
1030 0.27958821337919404
579 0.10562832935311257
1604 0.10658566971590451
430 0.20388921510708144
1840 0.16414416847504398
190 0.15184153070655582
1722 0.12000038419988858
1847 0.046591886600667924
1252 0.09215585047140956
1894 0.10884647734735488
496 0.29420826500491865
1469 0.11000043120200022
497 0.1426064018853995
340 0.23000017390663
1902 0.15000029181514532
1110 0.08000067152260963
833 0.1618415284474627
912 0.2319887911666275
890 0.3196040305103016
1041 0.20198883923916874
1004 0.07383066236390919
584 0.2118375166996402
1111 0.2056968544568413
1483 0.18279672754578458
1038 0.14000031678194297
139 0.2283780956371786
1749 0.4484233291633547
1651 0.21769495296926789
1895 0.22125211226562844
1974 0.28000014573191795
1702 0.06569757061422248
1394 0.21000018683655441
634 0.40960393969591224
513 0.2000002041160723
766 0.3524101874383491
326 0.2519005365087551
243 0.020010305713697843
570 0.11041231920405004
575 0.11000043548739451
1233 0.1000004898692468
644 0.17707469936524295
77 0.054954258624595624
60 0.17000025784728634
1730 0.34601335371907516
1001 0.30958272566482464
1768 0.35816282067257305
535 0.3851409924509388
1246 0.2000001618724583
1453 0.30000013517675117
1781 0.4168476885081784
684 8.757747767568214e-06
1245 0.2100954228457218
1658 0.11260642685933417
807 0.08991063616538592
1118 0.029997124063329956
52 0.15230689923922916
13 0.0834625313186369
623 0.020010305713697843
797 0.2424478606152445
1356 0.276495138037991
564 0.20000026450859773
344 0.14107150526097137
966 0.03000404606162888
446 0.24009540151830158
281 0.17000025217491074
1951 0.16755123041505315
1437 0.028756565339542548
521 0.22000018917991504
1669 0.29426992679142816
1611 0.18000029072579382
1830 0.03447601986637759
529 0.06241112495538666
900 0.498843373334868
250 0.24388917919743267
939 0.29769489073745625
127 0.06190135661354197
116 0.430617526332855
1152 0.3500001145115526
1400 0.19000027679897355
727 0.37426991999614645
1815 0.16000027035231992
1766 0.23000018029577635
1916 0.11000048020023631
905 0.30000008090841995
1992 0.042703360364397785
481 0.030004052788912182
1308 0.020010234000027348
1796 1.1784061869843376e-06
1269 0.09000056934947684
1070 0.15000029165592899
1491 0.13184157971307597
1958 0.24990488778454442
90 0.08009456355552155
935 0.11000037092671214
1194 0.241897669150778
245 0.18769498719537267
1572 0.4551409826741229
120 0.16000027041888734
1816 0.14000031163343885
1619 0.3599048354955442
1649 0.0027222590347876037
946 0.2749517488158819
1654 0.19000022244640075
1262 0.2880019769441081
1402 0.21698232612889565
461 0.17700483075345652
1807 0.22199838801112004
330 0.2700001581906257
804 0.21231246652416697
492 0.3780128165151133
1374 0.38000010495349984
1607 0.25000016462047076
53 0.015472073163621343
1489 0.23000018025483712
374 0.1081591999705744
1646 0.14765470570088243
1726 0.2000002101276289
1879 0.1648594123523877
1546 0.15000029165592899
680 0.21270149606623884
475 0.23816283559240928
1797 0.04880425657133813
1104 0.10815919531771583
897 0.1943976050664409
1318 0.35000007436659397
1378 0.2938355892851295
1982 0.2700001581592116
1862 0.27391159723782427
350 0.046357573935832876
944 0.28000013920687156
1034 0.28000014563478565
1376 0.3400001182032917
1866 0.2047401733450815
183 0.24672877837940607
1182 0.1627015358497566
466 0.24210610505651664
1220 0.3142699420735224
631 0.010073247538533647
1007 0.14000031693030338
940 0.12723608422891836
715 0.0023070667775648775
1210 0.380000180491631
478 0.13473107700761508
435 0.27000009727796875
126 0.30000013518806834
1885 0.04000226041154277
632 0.23429608405943797
1035 0.23000018667853378
762 0.2943034326866392
1831 0.11000043108997896
1204 0.03514383323528559
479 0.3288837524169556
1802 0.1611796925205812
499 0.16774715104108162
585 0.09000056866509616
936 0.15000029169105364
565 0.329998751564119
1490 0.21961224556944275
1332 0.13000034718857523
524 0.20000022845878937
54 0.3800001120799484
778 0.09000062424507446
560 0.0940908658068665
39 0.27000015146460915
794 0.11000043086465848
717 0.2823388176295997
1476 0.05514214296088662
1534 0.17000025787967893
923 0.26000019897331045
169 0.24774842868222502
1178 4.510936637360657e-06
1311 0.19689715597011925
789 0.08614257880824584
849 0.1004123988008995
1581 0.30000014890089216
1036 0.2600001577219444
1706 0.06000108322624344
1844 0.20990494476046132
1362 0.13000034740683322
678 0.0600010779182907
1053 0.26041202930084056
1482 0.23000022183126
1190 0.30234449351055015
399 0.3438355473563056
1970 0.2278423425123846
153 0.21388925288889435
1624 0.12575292179325617
118 0.45000014911997716
1289 0.20700479193276053
365 0.3064964777413315
1188 0.20346346927932227
1072 0.0799053765427754
1610 0.13000034729833304
1965 0.12626829924473096
1779 0.14189505396071211
1474 0.18000027223254905
1770 0.19000022243460693
1817 0.14682413390661925
1533 0.15199844826703407
630 0.18650051848500868
910 0.2027000865903326
879 0.14000031165203994
822 0.2804120712482656
226 0.17000025216447487
493 0.2700001990899504
551 0.3949613919832743
934 0.010072959407757737
65 0.30382606130901907
1892 0.23184141584010132
554 0.21199836222599014
1277 0.3339425868498584
1985 0.09806934143641806
848 0.38810536405303
712 0.10769520638615754
739 0.35230523738381875
812 0.2600001577423672
958 0.15207440794165902
941 0.2162655653529079
1854 0.05000149526340834
753 0.17270151239502382
1934 0.2800001523901437
838 0.10184172922584593
1670 0.03640345141852372
1395 0.08889991022551207
606 0.3603961488479456
1896 0.23000014521513593
1732 0.340000125262825
860 0.30000014196877933
1742 0.14485686094761732
856 0.43233875748631384
1364 0.1872989557928194
230 0.16482460773179006
970 0.3780114758688486
1563 0.2600001577117064
1271 0.1800002363461591
71 0.12000038423998387
1545 0.13000035239893704
1687 0.2634620415922198
1164 0.09068372909625719
906 0.23000012609915918
1006 0.08768587740426802
1477 0.2600001511964026
793 0.3400001182615535
1785 0.3365703852946743
1568 0.25304201186836733
1439 0.10000049027161548
626 0.35000012861007457
1124 0.12514125776259408
395 0.2280076273558735
76 0.3642000802768387
1631 0.09740140300955077
687 0.18000028493812928
1993 0.39000010201156576
1942 0.22000018928180642
1739 0.1076952110791429
457 0.23000018022996177
1160 0.1500002971147796
1882 0.08000067852734738
1676 0.2228362026033791
985 0.2780689819275625
1 0.17428921001394104
771 0.10409086756145
445 0.185555550952988
186 0.031992250587417025
335 0.08874860114560232
1525 0.10000051373563512
1560 0.06270233119595135
1211 0.2557265043291679
275 0.1735574093772624
440 0.12041226165931504
437 0.20932537889215205
1752 0.2600001578032061
1690 0.21041207173947515
882 0.11640437855859001
197 0.32000007191617164
425 0.2039294753515465
1553 0.11000042621565997
759 0.7119982572456077
1375 0.025829747219444945
394 0.2384994630963165
145 0.28398692019686717
1014 0.207235885417676
803 0.02001026396463812
991 0.2200001829744672
1601 0.2647153821726163
667 0.24198878312590358
317 0.20459498709933935
1693 0.13916283861546622
613 0.16786902527885234
550 0.2740567878370326
787 0.23156874591888038
236 0.12000037418517016
1412 0.17541363871150992
1819 0.13262891255869422
1666 0.15346353515140532
1901 0.10817903149046276
649 0.28626806576673025
637 0.378158875653591
1359 0.22156876132947942
1884 0.4515685821542956
1231 0.18433583097365241
1593 0.30229378211320096
1274 0.3088837610772905
319 0.21219006733628737
1608 0.15700349219841908
1503 0.24115823732619923
781 0.31875990893647266
1711 0.27426996245692215
1595 0.16000027043156712
502 0.20184145130182973
574 0.19761278721208814
1369 0.26304198025554704
293 0.3246925696349474
1977 0.28000014567809134
1806 0.1700016803135577
582 0.18843165079871946
1782 0.4100000968189571
321 0.17000025219756684
298 0.1380021552966448
603 0.20504584769357598
885 0.29076074294727916
961 0.04041411330587452
301 0.20000021621506206
1286 3.855692491672169e-07
1738 0.20000020413361358
339 0.0700008097910368
74 0.39790803789278256
6 0.3000001352670474
1959 6.793659594549195e-05
1131 0.19999888602752344
635 0.08000075588454664
1238 0.17999885155494227
1324 0.25000016462047076
1294 0.1834621091581453
1253 0.062607038756047
861 0.26425145974206155
689 0.16000027597177707
1293 0.23000018035992126
904 0.0981631120632716
238 0.1100004301798665
1818 0.1480116820994924
1719 0.15614229575710087
192 0.4218374149455186
1175 0.034335875407012446
731 0.06037315956497999
952 0.40000004509101655
743 0.22285827576268438
1910 0.1516778068594282
784 0.2700001448939261
872 0.004710411836758896
1569 3.510339887685676e-06
786 0.15000029164410522
653 0.10000048476471553
979 0.24000015930628252
1494 0.19990631033570924
1341 0.19498412484441752
547 0.20575970841592123
280 0.061989673987537755
1837 4.588137074202497e-06
1302 0.10704565282819921
831 0.23000018025483712
1983 0.2512520878738534
173 0.211683188886938
518 0.02650393640358076
558 0.22000018919481834
1427 0.0035137283553477667
500 0.26498411691472334
777 0.14596357045269395
685 0.32000144257795643
964 0.3043329682980344
1810 0.2993337253095048
855 0.11000043097752545
1079 0.17974666974940845
1508 0.020488307939707594
586 0.05187220607755788
911 0.3100000831490499
1463 0.14000031687515538
185 0.24414271448148037
1813 0.12000038411946716
1510 0.23000018028764058
1122 0.18856948196175963
1433 0.14184154977423782
1903 0.11115857243588823
1467 0.39565901158076405
785 0.1700002521912974
252 0.1700002521822305
1999 0.03234227705001079
1460 0.2500001711641487
299 0.2618360923321774
487 0.12460594528043394
264 0.3188675181241138
166 0.1400003457366691
718 0.041990729613436466
204 0.11156904779254687
639 0.3300001429942648
1207 0.4600000784468759
1629 0.290000140253804
1109 0.1527015510553488
117 0.010073601812528738
1382 0.06729972135570608
1516 0.36990492677666253
1060 0.23723585133814834
162 0.2899034864021909
1709 0.11999899615447693
323 0.27000015146460915
809 0.03270471316070177
354 0.28000013901619436
704 0.21000015099478017
683 0.1920743346982105
242 0.12000033981342703
253 0.13000172924266562
821 0.2471378089266692
1685 0.12000038423998387
64 0.28330367235305126
1240 0.3704119244413806
1429 0.32304064309532576
18 0.19485936750479088
790 0.17700483075403273
1929 0.3038821242019386
1155 0.2600001577627188
34 0.2500001711448219
1812 0.16000027037956582
514 0.2100002053339244
1499 0.21672880415370463
1947 0.08491189421142252
686 0.2164908667690523
754 0.08514151181050125
403 0.19015152828157894
181 0.1327016101192196
1695 0.09000062435874724
195 0.1600002704252545
609 0.21000018794308659
1401 0.318001969735359
1258 0.15000029172564464
557 0.19156878809407743
1321 0.13000033006417244
740 0.001188278738629369
380 0.30000013517675117
1487 0.24157693589227724
1413 0.26426996358017224
131 0.12999895491227584
94 0.3780689337017866
614 0.17000025787054823
1446 0.6400000678692372
1393 0.12768826937284602
693 0.14193286254652454
1089 0.05158768411729331
920 1.255692328393232e-05
1833 0.18000024217098587
852 0.020010277883189657
1925 3.877871768621921e-06
1021 0.13270160999609512
1103 0.35125203804941596
1424 0.2561112109993113
433 0.34000011833147276
1051 0.37184135150865544
1633 0.2199144875231746
791 0.010218086938625389
1045 0.46000008567962486
455 0.1000004912256659
1161 0.3200014966550449
959 0.3230357096029513
972 0.3100953591790235
732 0.2608710968669022
292 0.24958824522096495
1973 0.21000019916471624
764 0.08000068268985537
1984 0.3000001351540919
1334 0.2500001777588157
1591 0.13000035253489697
348 0.018024024987783493
1557 0.4847400542929139
542 0.0800007022805777
679 0.1800002363456494
1081 0.006290525349302899
1244 0.1639795643449072
119 0.15810548825633172
1466 0.2784315732632058
563 0.3500001006171799
225 0.1646996623513721
795 0.3500000899433184
211 0.48000008194383315
1920 0.24000017216915703
392 0.27000015146460915
175 0.3100001304877016
453 0.08485977203290418
378 0.5400000723944003
78 0.038992670823498034
1039 0.23485932744088067
494 0.14125224492974126
1338 0.09555331466443533
241 0.20739283785948218
1097 0.130000286973416
930 0.1572990051465404
1087 0.25498413671207626
345 0.22133036172822546
1405 0.26060112908118194
387 0.2156968626497798
666 0.0019111213934178758
296 0.2081054574858659
800 0.10000049051178843
1857 0.040002266913628466
1411 0.1599049897619955
1313 0.1318936957886783
1329 0.20000021018178085
846 0.16884608157699055
1820 0.1384973982415692
356 0.08324682508298255
363 0.08296365605610365
1873 0.10794871572777417
657 0.2235684307213323
132 0.06801224214006792
1962 0.20999881467961468
986 0.3000001351086763
413 0.18949459449039374
549 0.16198888041815887
1388 0.2800002066570646
1535 0.1854617413685411
1512 0.3700001326214237
1900 0.10282244020080074
647 0.2700001515066282
1883 0.10649677924415445
1354 0.15000029709161383
1650 0.3004120064181724
274 0.4684314565732948
1451 0.10000049027161548
714 0.21465924872613634
1514 0.128162968702146
921 0.12000037458734675
1760 0.1100004255340057
1577 0.32674998798202043
304 0.0923475317081459
1972 0.21800202612370187
1291 0.2475591886077633
1241 0.3600000886416383
1279 0.03818041727361087
917 0.25000016461081104
721 0.20682404878460992
1567 0.3500001146513605
1462 0.24230540246656876
1946 0.37000010797936383
1370 0.2619792169697499
1049 0.48009530289752084
552 0.21000019915275714
776 0.20198882078856203
695 0.27659036689466454
346 0.25000017113512896
698 0.31626807197674645
761 0.14000031694855067
847 0.22498415363407134
1358 0.05064281207368429
555 0.34406296884332493
1981 0.6480688948288166
1590 0.002363404356683655
1704 0.30868510451930464
1052 0.15821730903556652
1328 0.4400000827592262
962 0.18694877077481534
427 0.09106333411784516
1721 0.14703601206223957
595 0.14843037171855852
142 0.16897658137118707
641 0.00036448905366060717
468 0.24816276722439848
246 0.09843187491898081
26 0.19000022837736305
757 0.3380984633159376
1094 0.18263018020929903
1898 0.09427855927210309
664 0.2073928325451381
1989 0.10684960155862443
1905 0.15000029159624984
1170 0.090000577618406
434 0.26806898777040095
1691 0.2338205238083257
1363 0.2406429376805167
1357 0.38125202856255863
541 0.20000021018178085
931 0.27983930172913196
42 0.08242475926231975
1700 0.10000048549124083
31 0.21000019917654766
1828 0.23000017395534947
331 0.1900002403955818
798 0.1845723303356857
1174 0.1023530719974626
824 0.10383992127747413
1637 0.20000022226961175
1134 0.14417629234047946
622 0.1399989411217342
1899 0.0751416388779831
1093 0.13242446454109846
802 0.13000034724360632
1625 0.004331622063944292
1145 4.050527295542533e-06
1600 0.28526866452865624
703 0.21000019914672968
1679 0.16260632864224076
799 0.1512536437389404
858 0.19000022244640075
1603 0.16000026490495978
971 0.040002247108902114
674 0.3599048899214849
669 0.33184135823211885
311 0.19199023615867883
1199 0.12156894813643243
562 0.031640715507935985
888 0.20000021621967973
1825 0.19797952528280288
1095 0.009166506138093026
534 0.17815900170519
1259 0.36000006408103
79 0.005283218808233878
1967 0.22000018922427733
605 0.25000016468751135
1002 0.24000017208889615
1550 0.24000011786061157
1249 0.15000028631397985
1349 0.25649518814768346
14 0.16999888422251
1672 0.030519469008811664
1406 0.17000024087649152
222 0.2864263478240725
258 0.33000012197612993
1705 0.1326303436947737
594 0.18260629607960335
1674 0.17857340217602097
1575 0.37000012214335865
1209 0.16447174468319767
691 0.23958830016584698
1786 0.022638056428954854
1447 0.1190302907482852
1403 0.1006014714993363
969 0.10346233692509842
216 0.09000051434244269
1801 0.1899049436842032
509 0.030004038875770956
1389 0.11000048547634231
1173 0.5000000857669523
1430 0.2146592548869677
1454 0.09332070603201069
1457 0.3823540797699498
1527 0.3818412942677256
44 0.22000018925327328
1850 0.07000083557134537
1930 0.08000067317542055
580 0.2400001721248012
85 0.27184138738737845
284 0.13810559091573354
672 0.21183754128314924
1067 1.238814773700525e-06
80 0.001908957036880205
10 0.19726689441284562
1416 0.21800208043033575
1586 0.18000023634411633
309 0.2900001401648093
956 0.3800001050112207
576 0.092787412830976
1314 0.4100000967852545
1795 0.28000014567809134
373 0.11659067511043021
16 0.17000024091768737
1379 0.24801155369726458
1911 0.02474647245710505
1223 0.14000031685664038
880 0.31769489510296
774 0.2373928099537351
1385 0.31602288565946324
411 0.10046449959177733
1971 0.14000031691198778
1835 0.5719326175134325
1886 0.23000019303001312
1448 0.1700002521773995
200 0.04870084822003228
1532 0.3865367738781318
1754 0.07264175562912732
1166 0.21270146634992754
719 0.22125211232393358
400 0.3386529998835828
1443 0.2100001991036385
480 0.16000027040599138
850 0.26417614197725153
448 0.14000032755268152
775 0.3400001182732069
341 0.4201583832056472
662 0.170000252186864
1176 0.10183773589804905
1663 0.11835925771853158
1149 0.17000022768234457
1250 0.10057071462686779
1632 0.11447183466006243
1088 0.23816283556599757
320 0.30000013518806834
894 0.470000083703078
694 0.11000038121577019
593 0.10127713207231177
1216 0.2346592864635933
1518 0.15542816194655504
70 0.0899053214188404
1069 0.0001385885736306918
322 0.20582421685179586
1450 0.19653687278838208
994 0.1300003471332498
645 0.32694869811658817
1307 0.2800000981665903
37 0.05636180331245936
1502 0.16843168085686605
993 0.5000000930037434
572 0.3200000719507304
1248 0.2558241737910139
1442 0.11056445295799801
452 0.2433606799696661
1146 0.10202842895514685
583 0.22000018923883313
58 0.2792859117388576
193 0.10000049003048565
1869 0.19230545788560371
996 0.17263019587387884
1399 1.5423169876481457e-05
1397 0.16183755482563936
470 0.03739522609496345
1874 0.24781286440415137
1501 0.06000111935207637
1055 0.03611402171641156
1428 0.25221007719622496
588 0.17207436962626355
1228 0.10433329928923109
768 0.3200001015559453
1877 0.1800002421679178
1701 0.04241220258927143
1588 0.07000083752835773
1421 0.31383692106438893
237 0.2500001711833963
343 0.3080019671372082
203 0.3200001330993857
1832 0.08474060613142623
129 0.04000225390146452
1201 0.254484356898256
1509 0.4818372944954182
1303 1.7760851148820173e-05
424 0.22267890539365248
1653 0.044741859377950735
141 0.2500001645817093
1956 0.03922250179816727
519 0.1427913075417172
676 0.04389083062021836
485 0.1406012306931719
1461 0.15000028627838327
1767 0.1776880488761877
915 0.36000011122985986
133 0.06700554457487545
1703 0.07990537248535745
379 0.17309206188149703
1171 0.17000024650784024
892 0.09999771480726577
741 0.2600001577423672
783 0.22653680589686284
148 0.09293293983300092
170 0.2982876565579966
867 0.37990482947598186
1431 0.030004023803960375
125 0.264587794918267
337 0.3825740400305404
699 0.09601380582833315
1381 0.17362866927648954
257 0.06000108322624344
456 0.014295552601351985
1486 0.200000222308437
104 0.08000067538599938
0 5.308162763374702e-06
654 0.1122816059076593
1215 0.2519983113457502
1167 0.24000019674303985
1870 0.13000035253489697
20 0.1659368513100332
1584 0.05000149219521065
459 0.22653685386438455
297 0.020169132641248855
842 0.10682428622124907
124 0.0500015324226662
113 0.2568240127578714
1229 0.258772128648528
660 0.33897643132575517
826 0.21030726604682518
749 0.45000008774793165
138 0.40700467944227015
1736 0.4318374198057677
957 0.15000024265148265
881 0.37275144387554093
1897 0.17199838451049607
1129 0.2542514796119031
1046 0.19884613560652153
1080 0.18082401371533738
928 2.2734251995254473e-06
1410 6.551748362865206e-07
1013 0.2300001802382795
1432 0.0965372024299744
510 0.09198919278857208
871 0.16020456931288954
1578 0.1762681861804447
504 0.15198890148251937
81 0.17199842031654028
1085 0.2500001646397286
404 0.06000113123762121
1265 0.3300001535694421
1386 0.08041256291628822
1300 0.12498433426064731
1855 0.3566868941712657
402 0.30225324934754355
677 0.15000028523978312
1963 0.052340059793048274
1102 0.05199969577536409
1057 0.2670047492653173
1064 0.2627014259908217
659 0.13060131443678
271 0.11865042108340985
1366 0.07699838781513946
187 0.05682500037519892
47 0.14000032227280887
1027 0.1591601486115573
530 0.13115841183796592
1458 0.22125217868451114
729 0.17184148080643552
636 0.10000046352178286
1680 0.45485664490426003
375 0.07569738721710383
235 0.25270138488816785
1997 0.42000010152599443
1157 0.26000015778299856
1859 0.10255038677421881
449 0.3799048294874853
984 0.2900001334715656
1667 0.28270140730035026
165 0.21000014481648357
1526 0.0019112148310490955
1066 0.21958831686035768
123 0.23000024096508057
73 0.3382732374495298
1187 0.05000149219521065
199 0.1880020596501553
927 0.11135450951382564
505 0.19287667380880136
3 0.23569682649223345
179 0.16193275106055258
1990 0.2575915353041886
218 0.18052957921552246
1707 0.10000049051178843
763 0.13189507757871793
1283 0.1700003009267422
84 0.22000022080389905
1776 0.3943034497778173
1137 0.24000017213371921
171 0.26000015777286767
1074 0.1700002465298431
1616 0.15654916424279555
1758 0.1800002849377585
1523 0.25582411950170447
1028 0.4380114463531881
1800 0.09000056900783128
1193 0.2900001401648093
638 0.20000014984671094
474 0.14958841646358914
1890 0.16958837805332538
989 0.21000019911611117
1841 0.32115819128942
692 0.2974963448766862
1788 0.09000062378920604
1688 0.09974692574243701
1287 0.20801156389233114
891 0.3800001121260082
422 0.07990537638285318
1422 0.2000001981367735
1290 0.3462680392377189
1191 0.010073248058677263
896 0.2428358279438403
1697 0.22041209237194326
1748 0.25000011040452896
624 0.2000001917510667
628 0.21000019920556917
765 1.200598255028662e-06
1620 0.2876949026499002
1922 0.16495329439334883
229 0.16821648381019658
12 0.10000048946465563
1319 0.2202330728444326
191 0.1353947886253888
1849 0.10990514204706892
471 0.2518414005083205
1957 0.2670047508548114
1531 0.28183491919184883
1764 0.23000018022996177
45 0.10233910191499045
469 0.21501762791473644
544 0.08479383913300303
1851 0.23000018028764058
61 0.3365903457935664
814 0.03009967419572779
1562 0.042426028141099456
1809 0.32000014003512045
454 0.3600001110557634
725 0.4262846400667569
1682 0.12000033438816494
978 0.07774901408651971
1937 0.2836704622923764
1657 0.19590976608310687
1398 0.2863663064004923
431 0.13000034727100837
1694 0.1000004854109115
1091 0.20432751615373573
305 0.20241027645358944
347 0.16221168807958558
1759 0.2700001581592116
1479 0.2200001893029026
1519 0.20000015583801084
1163 0.050001500721751795
428 9.469950106207048e-06
1793 0.13000172451957673
477 0.24990644038713228
615 0.38700469191660963
1116 0.19474019120702205
176 0.2600001577931114
359 0.18000023634592546
1871 0.33000006789098846
954 0.3380019548310499
1549 0.022843491245329226
1955 0.040002252816394454
983 0.12072750388609242
1434 0.1482426610879473
415 0.2119888098965174
1107 0.15000029172564464
948 0.20000021620100372
1071 0.05801248680110995
1784 0.18270150271634078
1696 0.15000027994369627
401 0.22266922575405457
279 0.2665903730140057
1073 0.2547401304225348
1686 0.24000019162959368
115 0.1206739393757155
1799 0.262569794820627
1856 0.14433314205563536
1312 0.13000034732557908
501 0.1900002106572768
1845 0.17488892776100518
832 0.045901679746497864
608 0.3100001916467029
840 0.32370113809560425
310 0.26000015777286767
1928 0.13653837816156883
859 0.23504580186643587
1217 0.3726061709757422
968 0.11000042559132103
602 0.3100001304647594
1218 0.13199850286653747
196 0.2600001035871662
1644 0.10000049562897452
334 0.3700000537526762
1996 0.27335865554487937
152 0.1468241937539354
1495 0.24147489443447745
805 0.2400001721248012
760 0.238105435781217
1322 0.060001136137918805
1236 0.2462847121000357
1645 0.20653688560327646
506 0.2600001577627188
1484 0.18723589761380102
1751 0.3027014036845256
708 0.23000018032805844
1635 0.42768794871005167
15 0.15008599405912548
1630 0.18041214014490614
908 0.10000043056908399
287 0.23426999029427006
655 0.17000025216174733
1465 0.18409057633225692
1966 0.1919888574829465
1728 0.06417693849957204
1648 0.1600002704378248
351 0.11000044121409319
533 0.11109543884598544
362 0.14225342577089983
1331 0.05979137090881667
1863 0.19000020437231152
146 0.2700001513691619
758 0.303835495921196
1183 0.22038554286999254
916 0.23801153015648646
1361 0.17000025782977812
617 4.934969084435803e-06
273 0.2152391078117372
1292 0.22000015838782677
1536 0.08198934135889174
1576 0.3319887474418542
69 0.6200000625663016
1371 0.11739303161090807
9 0.04540575474513954
55 0.0879634063322824
102 0.039288141081910435
1112 0.22000020767078549
467 0.26514106905764884
796 0.10346384297600662
1464 0.16041217470164898
149 0.48000008924721443
1773 0.17498426176150791
106 0.11000048071336488
1824 0.1903476147862074
486 0.16000026493068004
1282 0.17189498620025906
1392 0.24582418095664926
1316 0.0924246225537676
95 0.07408985110082342
451 0.17774707365092499
1470 0.1699467582049313
1317 0.4204119496250955
526 0.1300003473798304
1224 0.16884357930772487
105 0.27000014475733636
46 0.20398686899945984
1347 0.21923143211521046
1744 2.286679069950226e-06
1805 0.06428594197213557
1017 0.2560791179789483
810 0.10000049538995763
1554 0.14000031122863377
318 0.08240924324441731
1076 0.2700001514435058
140 0.0900005738317327
1834 0.20000015581579372
1086 0.2930193830316381
548 0.1184318156537489
1777 0.2500001645817093
889 0.08000073310671399
1915 0.4100001511874902
215 0.26225321100008314
1441 0.23000019302172212
1417 0.17958588459572647
1408 0.030004048378584676
1778 0.2700001581696981
1609 0.170000252186864
1154 0.2801250109247516
1573 0.36060111131788053
546 0.09000057348900697
1123 0.0277514996033212
561 0.24433301088360632
1143 0.19270147727426834
99 0.0556264913716576
315 0.11843180538034756
1497 0.1012537803994353
828 0.09000059159129464
1708 0.22900293540094935
1488 0.43659030997113757
1998 0.10000048500772832
1353 0.19000022839856484
1480 0.14346212886510243
1659 0.08000067885507464
1003 0.4848592320636012
1735 0.19000021068176873
932 0.040002247108902114
1924 0.17646028885100212
414 0.05800154402234723
228 0.12664802732128394
450 0.290000140253804
1665 0.2500001646589039
681 0.2200002435285438
93 0.12682419756125668
566 0.07000083557134537
981 0.281883898046615
607 0.37000006098400157
303 0.36000011825245837
1662 0.06000113727350393
1254 0.20000025246612163
92 0.22000018295994167
369 0.21242433960510346
1409 0.19624445408603647
1803 0.0655713536760408
1132 0.15626686800597703
1498 0.2618413937273804
999 0.04514268396682658
30 0.2646592158096937
592 0.24751621654798828
1350 0.27230538209761723
1019 0.19000022842051514
1647 0.07449329905630941
728 0.2170653676944697
1741 0.044954798774711424
7 0.3500001145115526
1225 0.42000010148185524
1571 0.20359909246860086
700 0.252868114528362
327 0.30465924868159544
325 0.3500001215544082
705 0.26383558571594873
377 0.14939247427104604
596 0.28926338023591336
1144 8.480722122339301e-07
1642 0.17184152959057244
386 0.30000013514275004
625 0.4000000993459595
1618 0.21649653673339883
1626 0.1112524127391443
1391 0.30000013523325175
1507 0.0895886922327549
1602 0.2200002681592404
1860 0.3306832860255507
1285 0.11000043114604481
811 0.3422422193162309
913 0.03716657352191878
515 0.1827172418809005
262 0.20000020415472666
1918 0.2962680537466504
338 9.715838700141005e-06
1306 0.3672358400173323
1716 0.12156894813643243
1790 0.21207426364680357
1783 0.3899048196438076
642 0.19097132945054648
960 0.3419326668195732
918 0.2762681257146156
358 0.35263006625049115
591 0.07115623297717845
1980 0.3600001182061597
168 0.25000016466846053
806 0.2800001390054542
1969 0.05636180459689995
282 0.2226301272785595
418 0.15857094074288594
1574 0.16000027045017343
1914 0.2500001711833963
827 0.41000009676287574
286 0.1326302892878711
527 0.1597090661583111
1746 0.11000043097752545
72 0.15769504239733592
100 0.26346203492187104
1935 0.12000037965023055
1099 0.4763012444267082
208 0.26000015788330266
48 0.19242435524678433
465 0.060001023883741636
234 8.34776091446221e-07
665 0.03739522351933402
391 0.26270142581782974
1677 0.26821636310989827
1266 0.19000022840707775
227 0.16582431612320153
328 0.0972979069495849
909 0.3661194466547234
1986 0.20447163236950774
1198 0.29000019441479463
1267 0.27189488846249826
1636 0.21000020529083147
1714 0.11000042530394902
865 0.1900002284377782
1043 0.046014890427647136
1115 0.30000014205904885
1673 0.08874859469551931
410 0.21000025350685275
1953 0.021849695329926835
1838 0.24000155011812505
1906 0.19675400000518953
1729 0.10723751071089027
1551 0.24000013075261073
1345 0.09447195942746749
792 0.3017446602245995
495 0.3265368011827045
87 0.10000048516929498
1024 0.08207477106533675
1865 0.05919308828832539
748 0.18000023056151132
421 0.10000049083037342
219 0.5319887028440988
201 0.09999910281151489
1880 0.14272694663016508
817 0.23270144793055203
1196 0.10000049067132707
780 0.21000019912845494
1592 0.157073724355762
38 0.17349437658077205
1205 0.10271752566991782
83 0.27000014479965856
1197 0.1404121979085766
1543 0.2600953326658026
35 0.21000019307181492
1671 0.021997057190722907
1876 0.22000018920222653
987 0.1980115749910581
1731 0.29184138307900104
898 0.16427007670809704
538 0.19000016811543244
844 0.33000012895695474
1185 0.06000106829400342
1106 0.30423774656784947
818 0.4209648923557858
619 0.31498404989603435
1100 0.06000107453165205
1180 0.5557075787372661
408 0.15000034079456376
1520 0.21000021160181545
1798 0.0664972655250981
1212 1.4016151823822987e-06
836 0.0033742419132440265
324 0.0473003450635737
1044 0.1823389123572768
396 0.06183827631647669
503 0.2800001455475451
130 0.24628471212795627
406 0.20198882080834357
1449 0.17398702486308398
1875 0.1181056611174719
1975 0.36000010422020445
711 0.09346386905694946
851 0.19801297208181592
1012 0.2548566467564454
528 0.1840905763488449
744 0.16000032482221133
893 0.1618375604090474
1888 0.19000022247802176
308 0.3731132791865303
1756 0.36000011827564027
1753 0.03000405974435771
1031 0.14000031696672877
1579 0.2070047919274914
40 1.2748593637076922e-06
1861 0.4548874163598142
701 0.2897552200745682
1699 0.2660134199084295
1092 0.2818374286162254
107 0.12041225710956725
845 0.5641882569134098
473 0.10000042902462596
1891 0.2500001581182784
1272 0.09000056923572407
164 0.11000037995687029
1153 0.23242569357853846
1634 0.1980690475666681
1513 0.12000037949235301
1101 0.1400003116147702
747 0.11002696812449492
1189 0.10000049570840665
1113 0.13000034727100837
1926 0.1345923829396897
919 0.22996664480661383
556 0.18000023633894666
1114 0.0843334596504537
147 0.0371321964921792
256 0.21841389845422834
112 0.18000023634362478
285 0.19621073969755665
353 0.09908436107030921
520 0.2648593058794861
333 0.3118948679654822
1077 0.21229799215929349
1944 0.29801153072354053
349 0.348001998531597
835 0.1925686999742644
1506 0.28969307286441054
1181 0.0899052710915371
1538 0.4400000898154168
1627 0.22610871337343494
1298 0.48000008200649663
863 0.12403325350864149
1162 0.034178997905886306
1440 0.034272927468650606
949 0.3100001305563821
1058 0.33409046521332664
1712 0.11080722601650843
532 0.1700002521822305
1230 0.19649655178793415
1889 0.30000151278801135
697 0.1724244316321587
853 0.15000029170264415
1264 0.0019106761999188658
895 0.14142574812808806
1852 1.0243528601142082e-05
1459 0.3649530871811239
1623 0.001991084306501348
144 0.25207428427223205
1774 0.26000016447058755
1517 0.09465268788047147
134 0.08868546327133202
260 0.1899988378283584
1493 0.1300003473798304
1541 0.12270164051995573
463 0.23000018028764058
658 0.4400000356540143
159 0.14000031700287377
1473 0.17000025785544884
1725 0.1549532599621579
458 0.16000027032428296
1342 0.3400001181799914
1868 0.18000024217074564
751 0.030004034240381935
1128 0.13434545914097074
1762 0.027692865708605127
1158 0.3223470844457684
820 0.4361871917223222
1333 0.07346269739086435
270 0.02001021527198931
1724 0.19383564770163772
1438 0.36000963853885926
1009 0.18810549346773395
1227 0.11180130436062385
1179 0.22000018923883313
1528 0.2318414286746265
517 0.20452014834689472
907 0.14807051204988625
1932 0.12000038439955388
1976 0.22000018921695605
1472 0.128573512941047
1964 0.220000195588937
1404 0.31626809843822085
951 0.08800241301389036
1540 0.2643035039674096
1120 0.008206823666017011
1368 0.040002303774504686
1521 0.31233878888001115
1336 0.2900000859484566
1275 0.24015845436263533
488 0.2462847057034117
278 0.15430363203649042
419 0.08242481812480319
782 0.22385133830272205
1239 0.2734634787467957
220 0.07806959897160153
601 0.3800001049075068
366 0.12000038383575802
1811 0.15376445570434832
651 0.19524471003855387
975 0.17000025216715534
508 0.32198874458944005
1219 0.21000019914067017
1745 0.12000038439955388
1598 1.4947694391836963e-06
1511 0.20234716358420324
801 0.3200001330878884
1923 0.2237361670372303
1288 0.3300001220110034
1061 0.31000008312625865
1151 0.09447195374221112
1048 0.2000002041025336
51 1.3529316019653126e-06
233 4.551398172601001e-05
67 0.1215703207004161
1960 0.20694179976393856
249 0.38537576159111914
864 0.20843168163038855
772 0.16000026491147445
522 0.31797368610317267
1138 0.15498424997012783
1255 0.21700476916800948
388 0.08000067301074121
723 0.30000013514275004
1775 0.18000023634592546
815 0.23383555302988493
1639 0.4100001111569757
158 0.15000029179315558
1436 0.01847007939929581
878 0.2200001892747165
1715 0.2845104448031991
259 0.10958855231651245
1587 0.30263008648333695
1583 0.24000017856974643
929 0.16107132139957667
1054 0.19723589070559241
1552 0.1800002421679178
1727 0.10653712482983446
231 0.12430371788222648
206 0.15009551888401793
1564 0.18653689743018825
1117 0.34000011819164105
1203 0.02199708907512553
22 0.07958878292942183
1323 0.10000048946465563
688 0.2000002222646075
661 0.23000018026307703
953 0.16000027040599138
1278 0.10041236523868587
756 0.1700002578818417
1769 0.46990480854527095
656 0.1424244476731528
57 0.18198885958812436
587 4.007858159085775e-06
462 0.3349530821454212
1326 0.08000067704448559
1133 0.45189482598096403
8 0.15242436479183644
1475 0.10769519603101925
1214 0.16000031383103522
1372 0.030004057426222357
332 0.10000049090970384
1668 0.20000021019453104
261 0.22183747746711835
202 0.07041275903524834
63 0.14035721440090215
1367 0.2000002101416436
1858 0.05156848457852745
1377 0.28000013897314613
25 0.07000083483438828
312 0.2027014772171552
1763 0.41000009698971673
1042 0.22000018924606765
109 0.008148120652676713
154 0.2100002053519286
1257 0.1318950777055908
1355 0.30000014199139396
1456 0.3200001261550935
976 0.3500001145231848
670 0.4000000994941326
160 0.28000014563478565
707 0.30189487259797604
873 0.22000018925327328
1772 0.3304119998985541
816 0.17000026360852166
980 0.2600001577525519
1062 0.10653712001525835
66 0.1400003661832244
690 0.0558252403551747
955 0.2322039590602633
726 0.34958824367044145
88 0.05242542912214361
1468 0.0800006773750112
1029 0.10672094238136062
1765 0.1272360352533202
1226 0.1165906155589229
620 0.32059971347540234
1829 0.3797059637549043
82 0.23177838753874638
444 0.3737534486753131
1184 0.16816296702007472
648 0.20207427439018824
610 0.03474307515890273
1522 0.36000011113684144
819 0.3621469749878239
752 0.24653678351772798
1065 0.12423180024597386
210 0.6015686305953628
709 0.2368240146376169
1075 0.0710136458833075
1033 0.2465368854954628
1108 0.16000027043156712
870 0.3100001304877016
1384 0.15000034613989913
1200 0.24514106477067266
1423 0.2700001582737173
1150 0.284172159219906
1452 0.22020176675207115
722 0.010073292381227589
1638 0.170000246524639
1276 0.1384317362543607
1864 0.20230543981375332
1330 0.13514117465189476
1059 0.29000014023161996
1655 0.2627014193455851
1792 0.16749650978160416
239 0.26453456203366177
1853 0.36198872992047
1478 0.31000012371322605
1933 0.2316777396915878
511 0.26270142588966955
108 0.10514130156621421
1147 0.0003206908332300685
1325 0.1300003473798304
829 0.43000013197207615
498 0.15000029170264415
248 0.23000018026307703
383 0.41514101603194853
733 0.21000020528455093
1121 0.07000083253484449
1599 0.2910319909263008
1814 0.31355728476944267
924 0.29000013342703185
442 0.12000037937296704
1344 0.16000027597810493
539 0.36000006393095896
1791 0.18000028493536324
1380 0.4219326361256133
1020 0.10000043502650133
1893 0.280000145667285
1425 0.12199853917897852
1365 0.1300003526688868
877 0.3770205766691642
1698 0.020007929968078583
675 0.14739293917056676
1295 0.2200002248778609
295 0.10000048500772832
1247 0.24000017215148509
1280 0.0569318628586093
135 0.16628127589001088
1948 0.1300003418538278
750 0.009473029141726135
1148 0.3612521360766217
901 0.19273247336066038
1251 0.14067387290466815
1843 0.13000029236928842
874 0.2727014196237738
1641 0.38000011198830835
472 0.15530761381935626
75 4.349860693250024e-06
122 0.08800947688945637
1135 0.3000001351314001
883 0.26000025972618834
1435 0.2600001577627188
1878 0.07000082959559084
1284 0.0019106761999188654
1952 0.250037962836072
854 0.2008024775164511
263 0.3681258853619823
97 0.18884212675079198
1320 0.22199835234772658
1605 0.25990488104938253
1606 0.12000038395775131
370 0.08753457095647448
460 0.2094930486015096
489 0.036172668990185695
536 0.20199837303380985
531 0.11000043080807599
713 0.28447149027746876
735 0.19355727213457455
283 0.3723109229272313
903 0.18000023056081096
1530 0.3450161088445487
23 0.24108762136906114
1221 0.3359824148482115
174 0.0009005066970169135
316 0.3648566677271694
568 0.10714478154572309
1580 0.07495373887763575
1558 0.022613163777809538
1165 0.09486106368244851
180 0.14000031702083893
276 0.34000011819164105
1096 0.49407241899580107
1771 0.1900002224284698
294 0.459746512130463
875 0.18000023634668116
724 0.42000009434195834
886 0.08000067588433679
1720 0.22184143094468017
307 0.13198897443737656
1710 0.41000010396555137
1390 0.3034634383698345
1954 0.2834620232345814
755 1.2795486034195003e-06
1887 0.09932568102653493
1821 9.455763008689444e-06
1242 0.009971820308291248
1656 0.3265903496870382
543 0.1460135746350138
382 0.2743733344203549
1826 0.15427009689223742
221 0.10000048557145967
27 0.1900002224221711
1660 0.13241041320955768
1640 0.19465927665903185
1232 0.17649915386682652
1130 0.2797465861294377
1613 0.2748567131389219
29 0.14250561132124728
643 0.20411871958629002
1907 0.08000067869130385
447 0.24498413730465296
476 0.16000026479347323
997 0.1800283791633835
161 0.14000031696672877
988 0.1444717341537638
1919 0.4834634105508691
1940 0.1419889261748406
1794 0.34000014610613094
429 0.30000012834418616
1559 0.27000015139047884
