kro
1024
WC_Weibull_structure
400
787 0.011508865650019157
639 0.00810405114722257
49 0.010245671409880381
779 0.011251587525999475
362 0.012212859223807234
72 0.008156076466730477
407 0.01447185142691142
797 0.010094441771346949
534 0.007120074063012347
789 0.01168918339133273
357 0.007634648656721091
213 0.00841709665656975
498 0.008083953330811024
786 0.013300446684897865
677 0.009769105161987892
275 0.007945080085976745
355 0.01473937836760639
785 0.010563372879937909
732 0.00912006140457047
594 0.009353252886135716
56 0.01035881823900974
573 0.008311645999582467
183 0.008449049247004514
661 0.01547607224187417
528 0.008493494102902819
383 0.011647312706890487
604 0.006915895927587481
388 0.009951881119719348
728 0.010993804236534354
746 0.008684803964515738
549 0.013091672887247755
751 0.009147152931347328
62 0.010611247789137142
747 0.007705522810372537
482 0.009099145920390557
214 0.012881448602277721
662 0.007690291385333945
82 0.007434574315672971
115 0.011996083521168165
61 0.011902773887167395
90 0.010490155883460577
147 0.013751326558936518
592 0.01217588975236974
511 0.006838826239719295
417 0.009462952811793865
663 0.008375621632198321
539 0.006568214288601355
419 0.010776742183585247
19 0.011178130631625567
335 0.012148792867226959
301 0.006353199591513174
271 0.009618015294001747
14 0.0073006629834182464
635 0.010182774655127246
374 0.00831729002923015
480 0.00787949891175424
295 0.011908312398601262
649 0.007417055281677182
741 0.009172061934286827
540 0.009970192763942202
29 0.009751655900806847
10 0.006975923351781069
250 0.007713645001235304
177 0.009172528367527917
243 0.007388338323336849
433 0.011762335581983897
777 0.012302517094697325
585 0.010685915961713211
591 0.012368043545342837
338 0.009382772289243821
560 0.009671902119379922
408 0.005546547261978634
114 0.012942733193850465
521 0.00909074774827701
567 0.007916232920468723
466 0.011462599966280016
34 0.009094986959726934
435 0.00934900332644704
712 0.007381334793362998
689 0.012143931895300643
290 0.010198798632941933
596 0.009339807351055787
469 0.010253006073788953
341 0.007907940101371047
202 0.01099974415460684
47 0.00783370471042615
556 0.011508132821654405
170 0.012303409761157708
13 0.009530199150359766
628 0.01044775253850475
361 0.011887296763491737
98 0.011823070323477392
128 0.011497200186532846
21 0.009567254304264725
467 0.012695898194940944
553 0.009140119153227573
683 0.015322002509143829
172 0.008504460958165231
718 0.00835457561746323
318 0.011690663866348814
623 0.009836743081843008
414 0.014358769977010091
106 0.00942610336730435
181 0.009237111009035232
116 0.01202273822998404
749 0.010315115768960527
348 0.014217548822799965
705 0.012263715962747779
694 0.009983086354075537
134 0.008738389583334038
210 0.014208603762521423
477 0.0073123021129500865
227 0.008912130400638832
108 0.012074081394665268
359 0.009681760209735005
523 0.011753054333448558
733 0.011612389253088513
760 0.008227351696657588
52 0.008041445122230827
442 0.0067824212302525526
57 0.016384064397061367
727 0.013222996018294643
189 0.013413919222067403
740 0.005822792683935744
602 0.0070814289137083935
346 0.010685464530674555
328 0.007785953766794738
35 0.010287362055298671
316 0.009394873037295552
268 0.007708828657099167
146 0.00774906432026399
186 0.010423561615113439
42 0.01093273813692485
536 0.012470759102018546
76 0.008015969005252458
330 0.010949770609625873
314 0.008237235160934534
171 0.012823082265538589
37 0.006796613893919009
441 0.01315312986181521
794 0.010070626309751802
266 0.013947327663514966
389 0.007966552524062292
626 0.010028323774514373
700 0.009957685483268358
63 0.01171439376277716
140 0.009348857952292554
697 0.011537381873985215
520 0.006728820456251403
590 0.010225162723316765
27 0.0077185765762448335
12 0.009935967439750889
769 0.007004248787823009
759 0.0139546116406414
320 0.013631130874192739
54 0.012461390291327546
472 0.010016222964059816
795 0.01009118589493835
597 0.008261406627016627
129 0.009989241849046529
103 0.010896004104980182
83 0.011758392093839398
734 0.007806563294123658
750 0.0107194490833432
659 0.011125552776800123
222 0.011581225028769855
80 0.012270845191271678
706 0.006822937694714791
724 0.013246334141565294
283 0.009615787847173892
286 0.010447627826966616
285 0.009356824627975999
437 0.007389627466690713
325 0.009885311438735903
156 0.007754547771407765
167 0.013290066486145594
743 0.008780185686907223
221 0.008681738652927902
691 0.01662991578448218
289 0.008505012903077834
25 0.008996871226342393
340 0.010734088520072398
261 0.013814735527278663
247 0.0086081255644841
579 0.007616392148638158
531 0.009652577303043587
580 0.01282257050058637
166 0.011845786875655413
739 0.00860457368395106
570 0.007467174272520487
326 0.010219237069762396
713 0.011810151662727416
701 0.009026495991547492
376 0.010171983259504698
18 0.012249748940633902
310 0.011071531301462057
200 0.012742400340768607
490 0.012731152063617334
267 0.011950258998720598
504 0.008152755307094915
703 0.010467133487968376
577 0.00971277975314691
584 0.0058962698884300595
641 0.006767806856644686
168 0.013492875938743253
798 0.014614336782317038
773 0.008269909991334428
99 0.005547901704924988
421 0.009526411550453917
742 0.009331444175288818
772 0.020022967464790695
263 0.0071749792077187196
754 0.013965473856130204
385 0.01425536636574183
1 0.0112235431179817
401 0.009201691712040995
20 0.008445135998219395
616 0.008897039698198111
463 0.008259590503418483
251 0.008722576231526719
530 0.01163592428842348
545 0.009739550287905577
587 0.007828326584196622
220 0.013816099655906673
624 0.015642006857190926
687 0.013021942316581476
254 0.01110313789731416
30 0.010938226912480477
693 0.01069449502396834
679 0.006928252589254757
184 0.008070177104826378
559 0.010570010295518389
455 0.007573868730014734
667 0.010973034295469903
198 0.012792319724057458
360 0.014110267379420637
46 0.00910014451446607
302 0.008525742898907894
117 0.007821890084563547
636 0.010230861586946177
274 0.010194293318740201
312 0.01098260127633791
402 0.008177995724363243
193 0.00962194345703242
195 0.010088622104520962
427 0.010419342519153978
203 0.008409134513095981
424 0.00894582422135214
782 0.009163899259552064
397 0.010149572749754115
390 0.009406085929532211
0 0.01552388132078693
642 0.011489781558618644
179 0.007364638504780985
53 0.010842237905944801
347 0.010552490999636796
125 0.01216671396836079
460 0.007208427063911363
313 0.011610257488430262
226 0.010321923579561037
79 0.010222583885657846
561 0.009481490230915003
488 0.007317936064137382
252 0.00986407501973058
165 0.007167032447623106
40 0.012510567770344766
606 0.0074256291070188465
711 0.009476874486822063
645 0.011521693958624091
676 0.01153595703319195
93 0.013322701785016692
731 0.006967856045552564
510 0.009220700845958581
273 0.005214965733076301
109 0.012223415135535778
349 0.012690550352006141
729 0.010170532634168934
429 0.00898761480908347
88 0.012404736442154469
384 0.008838647643620644
496 0.01195122729454579
744 0.009533861608428874
123 0.009603486490556713
514 0.007834050783135019
17 0.009192385284306728
678 0.011221727442279571
296 0.013190014605135346
495 0.010547223327177386
102 0.006271760287228819
281 0.006173158166308804
436 0.009088690380500372
163 0.008302776216822863
672 0.008398082392834275
558 0.008113568117549737
516 0.010792429991212492
799 0.008405763299827904
699 0.008981424266756532
258 0.009093396824457704
638 0.00965304857400783
133 0.006502071419500207
398 0.012204566703674558
771 0.00876027855392855
293 0.008592879102323652
2 0.010683267444456846
334 0.01199863697548724
696 0.007969643019752493
462 0.00952342168528983
100 0.010403167564472411
160 0.009002645612404452
453 0.008737597077509335
681 0.009439137286485263
375 0.011735991352233105
176 0.017731397306391977
752 0.009581507271943745
86 0.009902303944866107
131 0.008444182768233317
358 0.00868672543671542
164 0.012403477472531217
428 0.011281568709398117
329 0.008408276725516651
279 0.008098416926306687
497 0.010343857730599528
400 0.009375382466601443
141 0.009268100533201625
529 0.007325009892619456
790 0.006230757157580924
755 0.007958084124946817
725 0.014709296721127398
502 0.010140622099912155
411 0.007961445445539077
142 0.011426774049395
575 0.006779019751716882
366 0.014656989585680591
190 0.012338503049227775
256 0.009442443188587306
229 0.011405883723698435
571 0.00891721262673032
682 0.010795646251192455
660 0.010586671492502808
564 0.009502596462634112
343 0.008993519605881786
292 0.009669624138610826
241 0.009125008030463013
373 0.01230798001195925
306 0.009333722087241753
546 0.013209550085478961
507 0.011046792697485226
288 0.008118665558365703
761 0.0099536220339956
197 0.011817676876695873
791 0.007983906075982223
459 0.008378350929724622
144 0.007874276570266504
595 0.012921950433973083
291 0.01050418332273244
161 0.011429402867393993
735 0.01063562644088927
770 0.008673967379725792
354 0.012735005032243908
238 0.008398353179747053
717 0.009673657872642275
119 0.01117383109838348
60 0.007440684768408033
544 0.007483318736743361
465 0.010423947691737295
631 0.006709635840000362
386 0.011210238824125468
767 0.013370155340189335
494 0.013142518856756933
236 0.012394456911379423
715 0.010738217099517541
6 0.014185841906759533
562 0.007974684817670327
509 0.00869337306632142
452 0.009142983964241564
303 0.007770742841553493
380 0.008441172672424713
526 0.00804534323873708
22 0.009653504937778822
492 0.010455137896564
446 0.006382102023024214
468 0.007199557192907083
11 0.007291602553240696
311 0.008485978862463937
518 0.008091293023747927
43 0.009226690868218626
422 0.009022703073633901
438 0.007722003081353248
493 0.013035418102889731
188 0.008467155070944529
503 0.00907647440811535
309 0.007759364258902249
378 0.010961369529667444
654 0.008651170624299081
627 0.011036422997592636
620 0.010284949186272919
245 0.008221642628177473
70 0.00998819345480126
364 0.008335626727636627
50 0.009733143381637648
