ER512
512
uniform_structure0-01
400
1828 0.09000005861997587
1739 0.2300000110446772
665 5.840398521750334e-08
22 0.27000000903882904
699 0.07000011048855947
798 0.3500000065577652
528 0.3600000089478712
410 0.20000001331321648
349 0.36000000638978674
1637 0.2500000099661587
1474 0.5000000044409423
595 0.46000000486891407
565 0.030001833474230813
1313 0.11000003359764028
619 0.04000061924278317
373 0.34000000679239395
1275 0.4000000056648714
1380 0.1300000263017838
253 0.20000001331717276
1395 0.030001833245472186
1258 0.10000004554382748
188 0.030001831851227567
1290 0.230000011067251
1620 0.13000002616762898
667 0.3900000058081507
1764 0.24000001046319244
1288 0.23000001103339102
1011 0.12000003085561932
205 0.33000000711352007
978 0.04000061880756687
1540 0.20000001327365538
1365 0.190000014280773
488 0.37000000614391376
1854 0.39000000578801935
306 0.14000002301525097
482 0.33000000703383714
1981 0.07000011029486333
130 0.08000007848803996
529 0.38000000597196437
1745 0.33000000704422816
1064 0.1600000183505147
321 0.13000002613403536
263 0.31000000757214635
893 0.26000000943509266
1936 0.22000001166888766
1299 0.20000001328552366
1506 0.12000003060808974
169 0.390000005828284
1917 0.1900000142321437
1473 0.20000001330926026
1787 0.4200000053663353
29 0.39000000578801935
1584 0.10000004559213727
808 0.3000000078770339
1660 0.3000000078735032
580 0.2400000104780615
1209 0.1400000229177
1561 0.05000028420117344
809 0.14000002287660418
158 0.00010735787247007078
839 0.23000001105972617
831 0.13000002902410907
1892 0.3600000063863806
1063 0.15000002039011406
1983 0.17000001673010381
1274 0.23000001104843937
1876 0.07000011041960445
1820 0.09000005858228394
825 0.2100000124143161
589 0.1800000154094299
434 0.27000000900632165
474 0.26000000949338803
1961 0.00010736291449544091
1781 0.41000000548787785
637 0.10000004562429304
547 0.33000000707886945
1843 0.4300000052296681
1883 0.23000001102586698
680 0.12000003062668646
244 0.14000002010956977
148 0.11000003683384446
1759 0.12000003059568627
871 0.28000000857248397
1667 2.28086127207483e-08
835 0.4500000049651483
1361 0.18000001542612504
1457 0.20000001326178685
635 0.12000003060808974
1328 0.2100000124259519
1586 0.13000002628502524
539 0.3900000083863142
671 0.1600000156965048
1102 0.5400000041356187
907 0.19000001423619634
1081 0.690000003264724
1429 0.13000002619560247
502 0.3600000063591337
1704 7.435654561044336e-06
1030 0.07000011052982286
1469 0.48000000463170733
46 0.40000000564482907
277 0.22000001175282496
42 0.002185817481495512
1320 0.26000000688194636
166 0.18000001537186436
977 0.38000000603940054
1266 0.3000000078735032
398 0.26000000945695095
1747 0.16000001838675337
1855 0.5300000042111499
761 0.3800000059753356
480 0.15000002039011406
574 0.16000001837769434
738 0.20000001324991787
423 0.04000061825535836
436 0.210000012433709
913 0.36000000639659935
1033 0.030001787089565725
847 0.22000001170322311
134 0.2100000125112902
1835 0.40000000564482907
103 0.12000003065766025
865 0.1400000228560455
1364 0.12000003060808974
626 0.3700000061981246
1305 0.2700000089810416
793 0.20000001329343578
21 0.14000002010956977
928 0.16000001830519978
477 0.15000002039011406
1089 0.07000011037811547
711 7.824584322135841e-08
1982 0.14000002293310523
1439 0.05000028454061482
1572 0.15000002038532292
147 0.13000002615083586
1867 0.16000001839581218
372 0.2200000142456821
325 0.4300000052197693
1967 0.1800000153969085
925 0.16000001831879684
1869 0.19000001426861596
658 0.08000007840908141
76 0.430000005242867
1699 0.6200000035747184
456 0.3900000057745994
4 0.030001831258517252
764 0.23000001104091514
1077 0.24000001044089062
1477 1.1019615345220224e-07
506 0.25000001244185305
521 0.3300000070303736
15 0.07000011037811547
1762 0.1800000154094299
633 0.10000004555994138
1658 0.21000001244534466
1941 0.38000000596859324
260 0.26000000942780704
643 0.36000000638978674
496 0.34000000684405196
860 0.28000000857248397
916 0.2600000094788119
275 0.14000002288688063
1375 0.10000004550349385
740 0.26000000943144985
849 0.0700001103226554
84 0.6000000036867156
1560 0.2100000124686167
417 0.3800000059787068
1783 0.22000001170322311
1725 0.3000000079088123
24 0.17000001668680279
1039 0.07000011043341443
1383 0.3400000068130551
553 0.07000011039195508
1173 0.32000000731164413
1075 0.5300000041598937
1100 0.3800000059652222
1749 0.3000000079088123
491 0.21000001253845668
705 0.2500000098925998
1705 0.16000001837769434
701 0.33000000705115584
1420 0.46000000486564896
1427 0.32000000729770406
1108 0.00010738479227867526
908 0.35000000660570524
1751 0.41000000553777116
1438 6.171290484330294e-07
656 0.33000000704076443
1345 0.04000061880756687
1024 0.28000000857606644
752 0.8500000026923057
1641 0.33000000705115584
533 0.1600000183505147
797 0.3700000061845703
333 0.3800000059820781
1753 0.20000001330926026
736 0.8600000026538048
1816 0.31000000758968266
530 0.15000002035177942
1614 0.280000008633392
1802 0.29000000820819793
731 0.10000004561625768
1939 0.20000001326574307
695 0.1600000183912828
1975 0.24000001043717376
786 0.2600000094059508
654 0.4400000051005032
1990 0.33000000704422816
980 0.2300000111199378
18 0.25000000992202054
898 0.38000000599556394
1679 0.3100000076072205
315 0.04000061897142944
1112 0.3400000068130551
1944 0.2600000094387356
1899 0.190000014280773
885 0.1400000228560455
1087 0.05000028456868928
1691 0.010107431069423904
923 0.19000001421998508
599 0.3600000063727566
464 0.2300000110785389
1539 0.13000002325227475
93 0.01010741415560826
1624 0.5000000044183522
1404 0.2400000104669096
1243 0.7400000030458089
843 0.18000001543447286
1758 0.230000011022105
621 0.23000001102586698
133 0.18000001538856072
514 0.19000001422809087
681 0.060000166198585864
86 0.2800000085832314
532 0.22000001174137704
180 0.3200000073534715
61 0.2000000133211291
1086 0.30000001050831765
984 0.3900000057813093
307 0.2200000117108534
1194 0.39000000581150607
1495 0.3100000076177441
118 0.0900000585161636
6 1.659354942479263e-07
698 0.22000001170322311
431 0.23000001109359097
1629 2.6095492294819778e-08
1994 0.13000002620678708
1582 0.24000001044089062
617 0.2900000082650956
828 0.14000002295364242
1798 0.46000000484932385
1640 0.24000001048921418
686 0.24000001041858973
1922 0.29000000823664485
844 0.2800000086011445
221 0.14000002297417774
500 0.17000001674742057
1207 0.31000000761072827
748 0.28000000857606644
1277 0.002188621217458018
537 0.40000000564482907
224 0.04000061819961858
845 0.1700000167127853
36 0.08000007852178269
1188 0.20000001324991784
627 0.3500000065748851
1696 0.07000011035040594
1574 0.260000009467881
117 0.00010736291449544091
1510 0.15000002035657206
901 0.19000001427672067
1403 0.4300000052065714
941 0.2100000125112902
1955 0.05000028487564575
187 0.23000001102586698
1143 0.500000004434488
814 0.20000001073809923
963 4.534877547091032e-08
804 0.6900000032243073
1544 0.30000000793000087
1154 0.18000001537186436
119 0.4900000045388193
1714 0.11000003689665348
399 0.10000004565641232
1642 0.20000001329343578
1920 0.23000001102586698
1085 0.270000006467856
1384 0.6300000035235451
1453 0.16000001832332866
1528 0.3600000063625393
587 0.3600000063863806
1005 0.3900000057846643
1748 0.1500000204619789
1906 0.230000011029629
1068 0.2500000099183428
836 0.3300000070580838
363 0.15000002036136442
661 0.26000000942780704
1910 0.14000002290742836
981 0.23000001103715306
1655 0.2900000082330888
259 0.3100000076423023
1424 0.6200000035904549
1795 0.2900000082188652
232 0.19000001423619634
123 0.4700000047133651
1152 0.5000000069806192
237 0.18000001535516638
466 0.23000001112370236
92 0.39000000585848843
1031 0.540000004087674
420 0.290000008222421
208 0.100000045640357
405 0.4200000053398363
1236 0.24000001042974012
1513 0.26000000946423757
207 0.32000000733952766
328 0.19000001428887792
1644 0.24000001048177896
1451 0.4400000025057823
1720 0.2300000110446772
940 0.19000001424024895
723 0.07000011059842783
1646 0.35000000660570524
1858 0.01010742062399441
101 0.520000004226055
243 0.21000001252293166
1527 0.29000000825086963
1672 0.09000005877018369
1880 0.21000001247637448
505 0.19000001432130054
1963 0.12000003057086492
1645 0.230000011007057
1302 0.0900000587327037
48 0.15000002033739976
81 0.07000011043341443
88 0.15000002031822224
1289 0.31000000762826846
1201 0.2500000098925998
642 0.8000000028528944
465 0.15000002031342693
1053 0.0800000784655131
1249 1.119690174328225e-07
1722 0.29000000823664485
1128 0.2600000094496646
1727 0.1400000228971553
1829 0.23000001103715306
110 0.010107424852377669
1926 0.37000000616085293
1367 0.10000004577661606
483 0.30000001044103675
1153 0.10000004558409219
1028 0.35000000658858216
265 0.39000000581486155
874 0.23000001106348855
1859 0.24000001044089062
664 0.20000001328552366
1307 0.320000007304674
1101 0.6700000033223938
1268 0.5200000042806436
1319 0.11000003677093251
0 0.15000002035657206
1358 0.12000003059568627
1059 0.2600000094205215
1408 2.8830731621520833e-07
1195 0.29000000828288014
1088 0.6400000034837948
1199 0.20000001326574307
351 0.0900000585161636
1021 0.230000011014581
1090 0.31000000762826846
1871 1.1005290617704944e-07
1340 0.2200000116765178
338 0.2800000086047273
1213 0.40000000566153093
274 0.280000008633392
1183 0.290000008254426
1502 0.1500000230022555
858 0.14000002290229202
1738 0.300000007898219
1022 0.3900000057980848
7 0.08000007874547875
1563 0.3700000061405261
271 0.40000000566821203
121 0.26000000943144985
1251 0.1100000335638566
931 0.31000000762476027
501 0.17000001676473642
26 0.4800000046187274
1577 0.08000007860030602
1312 0.06000016628996664
769 0.35000000656461294
358 0.1600000183912828
1715 0.6000000037119844
1965 0.27000000899548704
586 0.3900000057947296
737 0.7600000029754648
